/*--------------------------------*- C++ -*----------------------------------*\
| =========                 |                                                 |
| \\      /  F ield         | OpenFOAM: The Open Source CFD Toolbox           |
|  \\    /   O peration     | Version:  2412                                  |
|   \\  /    A nd           | Website:  www.openfoam.com                      |
|    \\/     M anipulation  |                                                 |
\*---------------------------------------------------------------------------*/
FoamFile
{
    version     2.0;
    format      ascii;
    arch        "LSB;label=32;scalar=64";
    class       dictionary;
    location    "0";
    object      Phi.0.system;
}
// * * * * * * * * * * * * * * * * * * * * * * * * * * * * * * * * * * * * * //

source          2000 ( 0 0 0 0 0 0 0 0 0 0 0 0 0 0 0 0 0 0 0 0 0 0 0 0 0 0 0 0 0 0 0 0 0 0 0 0 0 0 0 0 0 0 0 0 0 0 0 0 0 0 0 0 0 0 0 0 0 0 0 0 0 0 0 0 0 0 0 0 0 0 0 0 0 0 0 0 0 0 0 0 0 0 0 0 0 0 0 0 0 0 0 0 0 0 0 0 0 0 0 0 0 0 0 0 0 0 0 0 0 0 0 0 0 0 0 0 0 0 0 0 0 0 0 0 0 0 0 0 0 0 0 0 0 0 0 0 0 0 0 0 0 0 0 0 0 0 0 0 0 0 0 0 0 0 0 0 0 0 0 0 0 0 0 0 0 0 0 0 0 0 0 0 0 0 0 0 0 0 0 0 0 0 0 0 0 0 0 0 0 0 0 0 0 0 0 0 0 0 0 0 0 0 0 0 0 0 0 0 0 0 0 0 0 0 0 0 0 0 0 0 0 0 0 0 0 0 0 0 0 0 0 0 0 0 0 0 0 0 0 0 0 0 0 0 0 0 0 0 0 0 0 0 0 0 0 0 0 0 0 0 0 0 0 0 0 0 0 0 0 0 0 0 0 0 0 0 0 0 0 0 0 0 0 0 0 0 0 0 0 0 0 0 0 0 0 0 0 0 0 0 0 0 0 0 0 0 0 0 0 0 0 0 0 0 0 0 0 0 0 0 0 0 0 0 0 0 0 0 0 0 0 0 0 0 0 0 0 0 0 0 0 0 0 0 0 0 0 0 0 0 0 0 0 0 0 0 0 0 0 0 0 0 0 0 0 0 0 0 0 0 0 0 0 0 0 0 0 0 0 0 0 0 0 0 0 0 0 0 0 0 0 0 0 0 0 0 0 0 0 0 0 0 0 0 0 0 0 0 0 0 0 0 0 0 0 0 0 0 0 0 0 0 0 0 0 0 0 0 0 0 0 0 0 0 0 0 0 0 0 0 0 0 0 0 0 0 0 0 0 0 0 0 0 0 0 0 0 0 0 0 0 0 0 0 0 0 0 0 0 0 0 0 0 0 0 0 0 0 0 0 0 0 0 0 0 0 0 0 0 0 0 0 0 0 0 0 0 0 0 0 0 0 0 0 0 0 0 0 0 0 0 0 0 0 0 0 0 0 0 0 0 0 0 0 0 0 0 0 0 0 0 0 0 0 0 0 0 0 0 0 0 0 0 0 0 0 0 0 0 0 0 0 0 0 0 0 0 0 0 0 0 0 0 0 0 0 0 0 0 0 0 0 0 0 0 0 0 0 0 0 0 0 0 0 0 0 0 0 0 0 0 0 0 0 0 0 0 0 0 0 0 0 0 0 0 0 0 0 0 0 0 0 0 0 0 0 0 0 0 0 0 0 0 0 0 0 0 0 0 0 0 0 0 0 0 0 0 0 0 0 0 0 0 0 0 0 0 0 0 0 0 0 0 0 0 0 0 0 0 0 0 0 0 0 0 0 0 0 0 0 0 0 0 0 0 0 0 0 0 0 0 0 0 0 0 0 0 0 0 0 0 0 0 0 0 0 0 0 0 0 0 0 0 0 0 0 0 0 0 0 0 0 0 0 0 0 0 0 0 0 0 0 0 0 0 0 0 0 0 0 0 0 0 0 0 0 0 0 0 0 0 0 0 0 0 0 0 0 0 0 0 0 0 0 0 0 0 0 0 0 0 0 0 0 0 0 0 0 0 0 0 0 0 0 0 0 0 0 0 0 0 0 0 0 0 0 0 0 0 0 0 0 0 0 0 0 0 0 0 0 0 0 0 0 0 0 0 0 0 0 0 0 0 0 0 0 0 0 0 0 0 0 0 0 0 0 0 0 0 0 0 0 0 0 0 0 0 0 0 0 0 0 0 0 0 0 0 0 0 0 0 0 0 0 0 0 0 0 0 0 0 0 0 0 0 0 0 0 0 0 0 0 0 0 0 0 0 0 0 0 0 0 0 0 0 0 0 0 0 0 0 0 0 0 0 0 0 0 0 0 0 0 0 0 0 0 0 0 0 0 0 0 0 0 0 0 0 0 0 0 0 0 0 0 0 0 0 0 0 0 0 0 0 0 0 0 0 0 0 0 0 0 0 0 0 0 0 0 0 0 0 0 0 0 0 0 0 0 0 0 0 0 0 0 0 0 0 0 0 0 0 0 0 0 0 0 0 0 0 0 0 0 0 0 0 0 0 0 0 0 0 0 0 0 0 0 0 0 0 0 0 0 0 0 0 0 0 0 0 0 0 0 0 0 0 0 0 0 0 0 0 0 0 0 0 0 0 0 0 0 0 0 0 0 0 0 0 0 0 0 0 0 0 0 0 0 0 0 0 0 0 0 0 0 0 0 0 0 0 0 0 0 0 0 0 0 0 0 0 0 0 0 0 0 0 0 0 0 0 0 0 0 0 0 0 0 0 0 0 0 0 0 0 0 0 0 0 0 0 0 0 0 0 0 0 0 0 0 0 0 0 0 0 0 0 0 0 0 0 0 0 0 0 0 0 0 0 0 0 0 0 0 0 0 0 0 0 0 0 0 0 0 0 0 0 0 0 0 0 0 0 0 0 0 0 0 0 0 0 0 0 0 0 0 0 0 0 0 0 0 0 0 0 0 0 0 0 0 0 0 0 0 0 0 0 0 0 0 0 0 0 0 0 0 0 0 0 0 0 0 -0.0707107 0 0 0 0 0 0 0 0 0 0 0 0 0 0 0 0 0 0 0 -0.0707107 0 0 0 0 0 0 0 0 0 0 0 0 0 0 0 0 0 0 0 -0.0707107 0 0 0 0 0 0 0 0 0 0 0 0 0 0 0 0 0 0 0 -0.0707107 0 0 0 0 0 0 0 0 0 0 0 0 0 0 0 0 0 0 0 -0.0707107 0 0 0 0 0 0 0 0 0 0 0 0 0 0 0 0 0 0 0 -0.0707107 0 0 0 0 0 0 0 0 0 0 0 0 0 0 0 0 0 0 0 -0.0707107 0 0 0 0 0 0 0 0 0 0 0 0 0 0 0 0 0 0 0 -0.0707107 0 0 0 0 0 0 0 0 0 0 0 0 0 0 0 0 0 0 0 -0.0707107 0 0 0 0 0 0 0 0 0 0 0 0 0 0 0 0 0 0 0 -0.0707107 0 0 0 0 0 0 0 0 0 0 0 0 0 0 0 0 0 0 0 -0.0646446 0 0 0 0 0 0 0 0 0 0 0 0 0 0 0 0 0 0 0 -0.0646446 0 0 0 0 0 0 0 0 0 0 0 0 0 0 0 0 0 0 0 -0.0646446 0 0 0 0 0 0 0 0 0 0 0 0 0 0 0 0 0 0 0 -0.0646447 0 0 0 0 0 0 0 0 0 0 0 0 0 0 0 0 0 0 0 -0.0646446 0 0 0 0 0 0 0 0 0 0 0 0 0 0 0 0 0 0 0 -0.0646446 0 0 0 0 0 0 0 0 0 0 0 0 0 0 0 0 0 0 0 -0.0646446 0 0 0 0 0 0 0 0 0 0 0 0 0 0 0 0 0 0 0 -0.0646446 0 0 0 0 0 0 0 0 0 0 0 0 0 0 0 0 0 0 0 -0.0646447 0 0 0 0 0 0 0 0 0 0 0 0 0 0 0 0 0 0 0 -0.0646446 0 0 0 0 0 0 0 0 0 0 0 0 0 0 0 0 0 0 0 -0.0646446 0 0 0 0 0 0 0 0 0 0 0 0 0 0 0 0 0 0 0 -0.0646446 0 0 0 0 0 0 0 0 0 0 0 0 0 0 0 0 0 0 0 -0.0646446 0 0 0 0 0 0 0 0 0 0 0 0 0 0 0 0 0 0 0 -0.0646446 0 0 0 0 0 0 0 0 0 0 0 0 0 0 0 0 0 0 0 -0.0646446 0 0 0 0 0 0 0 0 0 0 0 0 0 0 0 0 0 0 0 -0.0646446 0 0 0 0 0 0 0 0 0 0 0 0 0 0 0 0 0 0 0 -0.0646447 0 0 0 0 0 0 0 0 0 0 0 0 0 0 0 0 0 0 0 -0.0646446 0 0 0 0 0 0 0 0 0 0 0 0 0 0 0 0 0 0 0 -0.0646446 0 0 0 0 0 0 0 0 0 0 0 0 0 0 0 0 0 0 0 -0.0646446 0 0 0 0 0 0 0 0 0 0 0 0 0 0 0 0 0 0 0 0 0 0 0 0 0 0 0 0 0 0 0 0 0 0 0 0 0 0 0 0 0 0 0 0 0 0 0 0 0 0 0 0 0 0 0 0 0 0 0 0 0 0 0 0 0 0 0 0 0 0 0 0 0 0 0 0 0 0 0 0 0 0 0 0 0 0 0 0 0 0 0 0 0 0 0 0 0 0 0 0 0 0 0 0 0 0 0 0 0 0 0 0 0 0 0 0 0 0 0 0 0 0 0 0 0 0 0 0 0 0 0 0 0 0 0 0 0 0 0 0 0 0 0 0 0 0 0 0 0 0 0 0 0 0 0 0 0 0 0 0 0 0 0 0 0 0 0 0 0 0 0 0 0 0 0 0 0 0 0 0 0 0 0 0 0 0 0 0 0 0 0 0 0 0 0 0 0 0 0 0 0 0 0 0 0 0 0 0 0 0 0 0 0 0 0 0 0 0 0 );

matrix
{
    diag            2000 ( -3.29086 -4.0237 -4.00375 -4.01 -4.03703 -4.08084 -4.13838 -4.20729 -4.28573 -4.43778 -3.29086 -4.0237 -4.00375 -4.01 -4.03703 -4.08084 -4.13838 -4.20729 -4.28573 -4.42294 -3.29086 -4.0237 -4.00375 -4.01 -4.03703 -4.08084 -4.13838 -4.20729 -4.28573 -4.41101 -3.29086 -4.0237 -4.00375 -4.01 -4.03703 -4.08084 -4.13838 -4.20729 -4.28573 -4.40152 -3.29086 -4.0237 -4.00375 -4.01 -4.03703 -4.08084 -4.13838 -4.20729 -4.28573 -4.39407 -3.29086 -4.0237 -4.00375 -4.01 -4.03703 -4.08084 -4.13838 -4.20729 -4.28573 -4.38835 -3.29086 -4.0237 -4.00375 -4.01 -4.03703 -4.08084 -4.13838 -4.20729 -4.28573 -4.38409 -3.29086 -4.0237 -4.00375 -4.01 -4.03703 -4.08084 -4.13838 -4.20729 -4.28573 -4.38108 -3.29086 -4.0237 -4.00375 -4.01 -4.03703 -4.08084 -4.13838 -4.20729 -4.28573 -4.37915 -3.29086 -4.0237 -4.00375 -4.01 -4.03703 -4.08084 -4.13838 -4.20729 -4.28573 -4.37821 -2.07792 -2.91609 -2.98465 -3.06632 -3.15838 -3.25884 -3.36616 -3.47917 -3.59696 -3.72474 -3.29086 -4.0237 -4.00375 -4.01 -4.03703 -4.08084 -4.13838 -4.20729 -4.28573 -4.37915 -3.29086 -4.0237 -4.00375 -4.01 -4.03703 -4.08084 -4.13838 -4.20729 -4.28573 -4.38108 -3.29086 -4.0237 -4.00375 -4.01 -4.03703 -4.08084 -4.13838 -4.20729 -4.28573 -4.38409 -3.29086 -4.0237 -4.00375 -4.01 -4.03703 -4.08084 -4.13838 -4.20729 -4.28573 -4.38835 -3.29086 -4.0237 -4.00375 -4.01 -4.03703 -4.08084 -4.13838 -4.20729 -4.28573 -4.39407 -3.29086 -4.0237 -4.00375 -4.01 -4.03703 -4.08084 -4.13838 -4.20729 -4.28573 -4.40152 -3.29086 -4.0237 -4.00375 -4.01 -4.03703 -4.08084 -4.13838 -4.20729 -4.28573 -4.41101 -3.29086 -4.0237 -4.00375 -4.01 -4.03703 -4.08084 -4.13838 -4.20729 -4.28573 -4.42294 -3.29086 -4.0237 -4.00375 -4.01 -4.03703 -4.08084 -4.13838 -4.20729 -4.28573 -4.43778 -3.78224 -3.76091 -3.74811 -3.73536 -3.72267 -3.71002 -3.69743 -3.68489 -3.67241 -3.65998 -3.64761 -3.63529 -3.62304 -3.61084 -3.5987 -3.58662 -3.57461 -3.56265 -3.55076 -4.94841 -4.4397 -4.41955 -4.4071 -4.3949 -4.38294 -4.37122 -4.35976 -4.34855 -4.33759 -4.3269 -4.31648 -4.30632 -4.29644 -4.28683 -4.2775 -4.26846 -4.25971 -4.25125 -4.2431 -5.63628 -4.47802 -4.45387 -4.43568 -4.41806 -4.40101 -4.38453 -4.36864 -4.35335 -4.33866 -4.32457 -4.3111 -4.29825 -4.28603 -4.27446 -4.26352 -4.25325 -4.24363 -4.23469 -4.22642 -5.60338 -4.53678 -4.50666 -4.47975 -4.45393 -4.42919 -4.40555 -4.38302 -4.36161 -4.34133 -4.32219 -4.30419 -4.28736 -4.2717 -4.25723 -4.24394 -4.23186 -4.22099 -4.21135 -4.20294 -5.5564 -4.61759 -4.57953 -4.54079 -4.50387 -4.46877 -4.43552 -4.40411 -4.37455 -4.34686 -4.32104 -4.29709 -4.27504 -4.25489 -4.23664 -4.22031 -4.2059 -4.19343 -4.1829 -4.17432 -5.49791 -4.72266 -4.67469 -4.62079 -4.56973 -4.5215 -4.4761 -4.43353 -4.39378 -4.35685 -4.32275 -4.29147 -4.26301 -4.23737 -4.21454 -4.19452 -4.17732 -4.16293 -4.15134 -4.14256 -5.43099 -4.85498 -4.79509 -4.72241 -4.65391 -4.58957 -4.52936 -4.47326 -4.42123 -4.37324 -4.32927 -4.28929 -4.25328 -4.22119 -4.19302 -4.16873 -4.14829 -4.13168 -4.11888 -4.10985 -5.35893 -5.01843 -4.94451 -4.84894 -4.75935 -4.67566 -4.59779 -4.52564 -4.45914 -4.39821 -4.34276 -4.29272 -4.24802 -4.20858 -4.17433 -4.14519 -4.1211 -4.10198 -4.08777 -4.07839 -5.28506 -5.21798 -5.12774 -5.00455 -4.88971 -4.78302 -4.68431 -4.59338 -4.51007 -4.43419 -4.36559 -4.3041 -4.24957 -4.20184 -4.16076 -4.1262 -4.09801 -4.07606 -4.06021 -4.05034 -5.21254 -5.36158 -5.26232 -5.11542 -4.97967 -4.8547 -4.74015 -4.63568 -4.54099 -4.45575 -4.37968 -4.31248 -4.2539 -4.20367 -4.16153 -4.12726 -4.10061 -4.08137 -4.06933 -4.06427 -5.18621 -4.11721 -4.05298 -4.04741 -4.0419 -4.03645 -4.03105 -4.02571 -4.02043 -4.0152 -4.01002 -4.0049 -3.99983 -3.9948 -3.98983 -3.98491 -3.98004 -3.97521 -3.97044 -3.9657 -4.96102 -4.05298 -4 -4 -4 -4 -4 -4 -4 -4 -4 -4 -4 -4 -4 -4 -4 -4 -4 -4 -5 -4.04741 -4 -4 -4 -4 -4 -4 -4 -4 -4 -4 -4 -4 -4 -4 -4 -4 -4 -4 -5 -4.0419 -4 -4 -4 -4 -4 -4 -4 -4 -4 -4 -4 -4 -4 -4 -4 -4 -4 -4 -5 -4.03645 -4 -4 -4 -4 -4 -4 -4 -4 -4 -4 -4 -4 -4 -4 -4 -4 -4 -4 -5 -4.03105 -4 -4 -4 -4 -4 -4 -4 -4 -4 -4 -4 -4 -4 -4 -4 -4 -4 -4 -5 -4.02571 -4 -4 -4 -4 -4 -4 -4 -4 -4 -4 -4 -4 -4 -4 -4 -4 -4 -4 -5 -4.02043 -4 -4 -4 -4 -4 -4 -4 -4 -4 -4 -4 -4 -4 -4 -4 -4 -4 -4 -5 -4.0152 -4 -4 -4 -4 -4 -4 -4 -4 -4 -4 -4 -4 -4 -4 -4 -4 -4 -4 -5 -4.01002 -4 -4 -4 -4 -4 -4 -4 -4 -4 -4 -4 -4 -4 -4 -4 -4 -4 -4 -5 -4.0049 -4 -4 -4 -4 -4 -4 -4 -4 -4 -4 -4 -4 -4 -4 -4 -4 -4 -4 -5 -3.99983 -4 -4 -4 -4 -4 -4 -4 -4 -4 -4 -4 -4 -4 -4 -4 -4 -4 -4 -5 -3.9948 -4 -4 -4 -4 -4 -4 -4 -4 -4 -4 -4 -4 -4 -4 -4 -4 -4 -4 -5 -3.98983 -4 -4 -4 -4 -4 -4 -4 -4 -4 -4 -4 -4 -4 -4 -4 -4 -4 -4 -5 -3.98491 -4 -4 -4 -4 -4 -4 -4 -4 -4 -4 -4 -4 -4 -4 -4 -4 -4 -4 -5 -3.98004 -4 -4 -4 -4 -4 -4 -4 -4 -4 -4 -4 -4 -4 -4 -4 -4 -4 -4 -5 -3.97521 -4 -4 -4 -4 -4 -4 -4 -4 -4 -4 -4 -4 -4 -4 -4 -4 -4 -4 -5 -3.97044 -4 -4 -4 -4 -4 -4 -4 -4 -4 -4 -4 -4 -4 -4 -4 -4 -4 -4 -5 -3.9657 -4 -4 -4 -4 -4 -4 -4 -4 -4 -4 -4 -4 -4 -4 -4 -4 -4 -4 -5 -2.96102 -3 -3 -3 -3 -3 -3 -3 -3 -3 -3 -3 -3 -3 -3 -3 -3 -3 -3 -4 -4.42079 -4.4397 -4.47802 -4.53678 -4.61759 -4.72266 -4.85498 -5.01843 -5.21798 -5.36158 -4.40264 -4.41955 -4.45387 -4.50666 -4.57953 -4.67469 -4.79509 -4.94451 -5.12774 -5.26232 -4.39305 -4.4071 -4.43568 -4.47975 -4.54079 -4.62079 -4.72241 -4.84894 -5.00455 -5.11542 -4.38354 -4.3949 -4.41806 -4.45393 -4.50387 -4.56973 -4.65391 -4.75935 -4.88971 -4.97967 -4.37412 -4.38294 -4.40101 -4.42919 -4.46877 -4.5215 -4.58957 -4.67566 -4.78302 -4.8547 -4.36478 -4.37122 -4.38453 -4.40555 -4.43552 -4.4761 -4.52936 -4.59779 -4.68431 -4.74015 -4.35552 -4.35976 -4.36864 -4.38302 -4.40411 -4.43353 -4.47326 -4.52564 -4.59338 -4.63568 -4.34636 -4.34855 -4.35335 -4.36161 -4.37455 -4.39378 -4.42123 -4.45914 -4.51007 -4.54099 -4.33728 -4.33759 -4.33866 -4.34133 -4.34686 -4.35685 -4.37324 -4.39821 -4.43419 -4.45575 -4.3283 -4.3269 -4.32457 -4.32219 -4.32104 -4.32275 -4.32927 -4.34276 -4.36559 -4.37968 -4.3194 -4.31648 -4.3111 -4.30419 -4.29709 -4.29147 -4.28929 -4.29272 -4.3041 -4.31248 -4.3106 -4.30632 -4.29825 -4.28736 -4.27504 -4.26301 -4.25328 -4.24802 -4.24957 -4.2539 -4.3019 -4.29644 -4.28603 -4.2717 -4.25489 -4.23737 -4.22119 -4.20858 -4.20184 -4.20367 -4.29329 -4.28683 -4.27446 -4.25723 -4.23664 -4.21454 -4.19302 -4.17433 -4.16076 -4.16153 -4.28478 -4.2775 -4.26352 -4.24394 -4.22031 -4.19452 -4.16873 -4.14519 -4.1262 -4.12726 -4.27637 -4.26846 -4.25325 -4.23186 -4.2059 -4.17732 -4.14829 -4.1211 -4.09801 -4.10061 -4.26806 -4.25971 -4.24363 -4.22099 -4.19343 -4.16293 -4.13168 -4.10198 -4.07606 -4.08137 -4.25985 -4.25125 -4.23469 -4.21135 -4.1829 -4.15134 -4.11888 -4.08777 -4.06021 -4.06933 -4.25175 -4.2431 -4.22642 -4.20294 -4.17432 -4.14256 -4.10985 -4.07839 -4.05034 -4.06427 -2.83171 -2.83183 -2.83235 -2.83377 -2.83679 -2.84228 -2.85115 -2.86435 -2.88279 -2.9493 -4.43778 -4.28573 -4.20729 -4.13838 -4.08084 -4.03703 -4.01 -4.00375 -4.0237 -3.29086 -4.42294 -4.28573 -4.20729 -4.13838 -4.08084 -4.03703 -4.01 -4.00375 -4.0237 -3.29086 -4.41101 -4.28573 -4.20729 -4.13838 -4.08084 -4.03703 -4.01 -4.00375 -4.0237 -3.29086 -4.40152 -4.28573 -4.20729 -4.13838 -4.08084 -4.03703 -4.01 -4.00375 -4.0237 -3.29086 -4.39407 -4.28573 -4.20729 -4.13838 -4.08084 -4.03703 -4.01 -4.00375 -4.0237 -3.29086 -4.38835 -4.28573 -4.20729 -4.13838 -4.08084 -4.03703 -4.01 -4.00375 -4.0237 -3.29086 -4.38409 -4.28573 -4.20729 -4.13838 -4.08084 -4.03703 -4.01 -4.00375 -4.0237 -3.29086 -4.38108 -4.28573 -4.20729 -4.13838 -4.08084 -4.03703 -4.01 -4.00375 -4.0237 -3.29086 -4.37915 -4.28573 -4.20729 -4.13838 -4.08084 -4.03703 -4.01 -4.00375 -4.0237 -3.29086 -4.37821 -4.28573 -4.20729 -4.13838 -4.08084 -4.03703 -4.01 -4.00375 -4.0237 -3.29086 -3.72474 -3.59696 -3.47917 -3.36616 -3.25884 -3.15838 -3.06632 -2.98465 -2.91609 -2.07792 -4.37915 -4.28573 -4.20729 -4.13838 -4.08084 -4.03703 -4.01 -4.00375 -4.0237 -3.29086 -4.38108 -4.28573 -4.20729 -4.13838 -4.08084 -4.03703 -4.01 -4.00375 -4.0237 -3.29086 -4.38409 -4.28573 -4.20729 -4.13838 -4.08084 -4.03703 -4.01 -4.00375 -4.0237 -3.29086 -4.38835 -4.28573 -4.20729 -4.13838 -4.08084 -4.03703 -4.01 -4.00375 -4.0237 -3.29086 -4.39407 -4.28573 -4.20729 -4.13838 -4.08084 -4.03703 -4.01 -4.00375 -4.0237 -3.29086 -4.40152 -4.28573 -4.20729 -4.13838 -4.08084 -4.03703 -4.01 -4.00375 -4.0237 -3.29086 -4.41101 -4.28573 -4.20729 -4.13838 -4.08084 -4.03703 -4.01 -4.00375 -4.0237 -3.29086 -4.42294 -4.28573 -4.20729 -4.13838 -4.08084 -4.03703 -4.01 -4.00375 -4.0237 -3.29086 -4.43778 -4.28573 -4.20729 -4.13838 -4.08084 -4.03703 -4.01 -4.00375 -4.0237 -3.29086 -2.1269 -3.55076 -3.56265 -3.57461 -3.58662 -3.5987 -3.61084 -3.62304 -3.63529 -3.64761 -3.65998 -3.67241 -3.68489 -3.69743 -3.71002 -3.72267 -3.73536 -3.74811 -3.76091 -3.78224 -2.83183 -4.2431 -4.25125 -4.25971 -4.26846 -4.2775 -4.28683 -4.29644 -4.30632 -4.31648 -4.3269 -4.33759 -4.34855 -4.35976 -4.37122 -4.38294 -4.3949 -4.4071 -4.41955 -4.4397 -2.83235 -4.22642 -4.23469 -4.24363 -4.25325 -4.26352 -4.27446 -4.28603 -4.29825 -4.3111 -4.32457 -4.33866 -4.35335 -4.36864 -4.38453 -4.40101 -4.41806 -4.43568 -4.45387 -4.47802 -2.83377 -4.20294 -4.21135 -4.22099 -4.23186 -4.24394 -4.25723 -4.2717 -4.28736 -4.30419 -4.32219 -4.34133 -4.36161 -4.38302 -4.40555 -4.42919 -4.45393 -4.47975 -4.50666 -4.53678 -2.83679 -4.17432 -4.1829 -4.19343 -4.2059 -4.22031 -4.23664 -4.25489 -4.27504 -4.29709 -4.32104 -4.34686 -4.37455 -4.40411 -4.43552 -4.46877 -4.50387 -4.54079 -4.57953 -4.61759 -2.84228 -4.14256 -4.15134 -4.16293 -4.17732 -4.19452 -4.21454 -4.23737 -4.26301 -4.29147 -4.32275 -4.35685 -4.39378 -4.43353 -4.4761 -4.5215 -4.56973 -4.62079 -4.67469 -4.72266 -2.85115 -4.10985 -4.11888 -4.13168 -4.14829 -4.16873 -4.19302 -4.22119 -4.25328 -4.28929 -4.32927 -4.37324 -4.42123 -4.47326 -4.52936 -4.58957 -4.65391 -4.72241 -4.79509 -4.85498 -2.86435 -4.07839 -4.08777 -4.10198 -4.1211 -4.14519 -4.17433 -4.20858 -4.24802 -4.29272 -4.34276 -4.39821 -4.45914 -4.52564 -4.59779 -4.67566 -4.75935 -4.84894 -4.94451 -5.01843 -2.88279 -4.05034 -4.06021 -4.07606 -4.09801 -4.1262 -4.16076 -4.20184 -4.24957 -4.3041 -4.36559 -4.43419 -4.51007 -4.59338 -4.68431 -4.78302 -4.88971 -5.00455 -5.12774 -5.21798 -2.9493 -4.06427 -4.06933 -4.08137 -4.10061 -4.12726 -4.16153 -4.20367 -4.2539 -4.31248 -4.37968 -4.45575 -4.54099 -4.63568 -4.74015 -4.8547 -4.97967 -5.11542 -5.26232 -5.36158 -2.96102 -3.9657 -3.97044 -3.97521 -3.98004 -3.98491 -3.98983 -3.9948 -3.99983 -4.0049 -4.01002 -4.0152 -4.02043 -4.02571 -4.03105 -4.03645 -4.0419 -4.04741 -4.05298 -4.11721 -3 -4 -4 -4 -4 -4 -4 -4 -4 -4 -4 -4 -4 -4 -4 -4 -4 -4 -4 -4.05298 -3 -4 -4 -4 -4 -4 -4 -4 -4 -4 -4 -4 -4 -4 -4 -4 -4 -4 -4 -4.04741 -3 -4 -4 -4 -4 -4 -4 -4 -4 -4 -4 -4 -4 -4 -4 -4 -4 -4 -4 -4.0419 -3 -4 -4 -4 -4 -4 -4 -4 -4 -4 -4 -4 -4 -4 -4 -4 -4 -4 -4 -4.03645 -3 -4 -4 -4 -4 -4 -4 -4 -4 -4 -4 -4 -4 -4 -4 -4 -4 -4 -4 -4.03105 -3 -4 -4 -4 -4 -4 -4 -4 -4 -4 -4 -4 -4 -4 -4 -4 -4 -4 -4 -4.02571 -3 -4 -4 -4 -4 -4 -4 -4 -4 -4 -4 -4 -4 -4 -4 -4 -4 -4 -4 -4.02043 -3 -4 -4 -4 -4 -4 -4 -4 -4 -4 -4 -4 -4 -4 -4 -4 -4 -4 -4 -4.0152 -3 -4 -4 -4 -4 -4 -4 -4 -4 -4 -4 -4 -4 -4 -4 -4 -4 -4 -4 -4.01002 -3 -4 -4 -4 -4 -4 -4 -4 -4 -4 -4 -4 -4 -4 -4 -4 -4 -4 -4 -4.0049 -3 -4 -4 -4 -4 -4 -4 -4 -4 -4 -4 -4 -4 -4 -4 -4 -4 -4 -4 -3.99983 -3 -4 -4 -4 -4 -4 -4 -4 -4 -4 -4 -4 -4 -4 -4 -4 -4 -4 -4 -3.9948 -3 -4 -4 -4 -4 -4 -4 -4 -4 -4 -4 -4 -4 -4 -4 -4 -4 -4 -4 -3.98983 -3 -4 -4 -4 -4 -4 -4 -4 -4 -4 -4 -4 -4 -4 -4 -4 -4 -4 -4 -3.98491 -3 -4 -4 -4 -4 -4 -4 -4 -4 -4 -4 -4 -4 -4 -4 -4 -4 -4 -4 -3.98004 -3 -4 -4 -4 -4 -4 -4 -4 -4 -4 -4 -4 -4 -4 -4 -4 -4 -4 -4 -3.97521 -3 -4 -4 -4 -4 -4 -4 -4 -4 -4 -4 -4 -4 -4 -4 -4 -4 -4 -4 -3.97044 -3 -4 -4 -4 -4 -4 -4 -4 -4 -4 -4 -4 -4 -4 -4 -4 -4 -4 -4 -3.9657 -2 -3 -3 -3 -3 -3 -3 -3 -3 -3 -3 -3 -3 -3 -3 -3 -3 -3 -3 -2.96102 -5.36158 -5.21798 -5.01843 -4.85498 -4.72266 -4.61759 -4.53678 -4.47802 -4.4397 -4.42079 -5.26232 -5.12774 -4.94451 -4.79509 -4.67469 -4.57953 -4.50666 -4.45387 -4.41955 -4.40264 -5.11542 -5.00455 -4.84894 -4.72241 -4.62079 -4.54079 -4.47975 -4.43568 -4.4071 -4.39305 -4.97967 -4.88971 -4.75935 -4.65391 -4.56973 -4.50387 -4.45393 -4.41806 -4.3949 -4.38354 -4.8547 -4.78302 -4.67566 -4.58957 -4.5215 -4.46877 -4.42919 -4.40101 -4.38294 -4.37412 -4.74015 -4.68431 -4.59779 -4.52936 -4.4761 -4.43552 -4.40555 -4.38453 -4.37122 -4.36478 -4.63568 -4.59338 -4.52564 -4.47326 -4.43353 -4.40411 -4.38302 -4.36864 -4.35976 -4.35552 -4.54099 -4.51007 -4.45914 -4.42123 -4.39378 -4.37455 -4.36161 -4.35335 -4.34855 -4.34636 -4.45575 -4.43419 -4.39821 -4.37324 -4.35685 -4.34686 -4.34133 -4.33866 -4.33759 -4.33728 -4.37968 -4.36559 -4.34276 -4.32927 -4.32275 -4.32104 -4.32219 -4.32457 -4.3269 -4.3283 -4.31248 -4.3041 -4.29272 -4.28929 -4.29147 -4.29709 -4.30419 -4.3111 -4.31648 -4.3194 -4.2539 -4.24957 -4.24802 -4.25328 -4.26301 -4.27504 -4.28736 -4.29825 -4.30632 -4.3106 -4.20367 -4.20184 -4.20858 -4.22119 -4.23737 -4.25489 -4.2717 -4.28603 -4.29644 -4.3019 -4.16153 -4.16076 -4.17433 -4.19302 -4.21454 -4.23664 -4.25723 -4.27446 -4.28683 -4.29329 -4.12726 -4.1262 -4.14519 -4.16873 -4.19452 -4.22031 -4.24394 -4.26352 -4.2775 -4.28478 -4.10061 -4.09801 -4.1211 -4.14829 -4.17732 -4.2059 -4.23186 -4.25325 -4.26846 -4.27637 -4.08137 -4.07606 -4.10198 -4.13168 -4.16293 -4.19343 -4.22099 -4.24363 -4.25971 -4.26806 -4.06933 -4.06021 -4.08777 -4.11888 -4.15134 -4.1829 -4.21135 -4.23469 -4.25125 -4.25985 -4.06427 -4.05034 -4.07839 -4.10985 -4.14256 -4.17432 -4.20294 -4.22642 -4.2431 -4.25175 -2.9493 -2.88279 -2.86435 -2.85115 -2.84228 -2.83679 -2.83377 -2.83235 -2.83183 -2.83171 );
    upper           3890 ( 0.864978 1.21294 1.21294 0.943508 1.10761 1.10761 1.02205 1.0191 1.0191 1.10059 0.943681 0.943681 1.17914 0.878653 0.878653 1.25769 0.822006 0.822006 1.33625 0.772219 0.772219 1.41481 0.728117 0.728117 1.49337 0.688779 0.688779 0.653473 0.653473 1.63746 0.864978 1.21294 0.943508 1.10761 1.02205 1.0191 1.10059 0.943681 1.17914 0.878653 1.25769 0.822006 1.33625 0.772219 1.41481 0.728117 1.49337 0.688779 0.653473 1.62263 0.864978 1.21294 0.943508 1.10761 1.02205 1.0191 1.10059 0.943681 1.17914 0.878653 1.25769 0.822006 1.33625 0.772219 1.41481 0.728117 1.49337 0.688779 0.653473 1.6107 0.864978 1.21294 0.943508 1.10761 1.02205 1.0191 1.10059 0.94368 1.17914 0.878652 1.25769 0.822006 1.33625 0.772219 1.41481 0.728117 1.49337 0.688779 0.653472 1.6012 0.864978 1.21294 0.943508 1.10761 1.02205 1.0191 1.10059 0.94368 1.17914 0.878652 1.25769 0.822006 1.33625 0.772219 1.41481 0.728116 1.49337 0.688778 0.653472 1.59376 0.864978 1.21294 0.943509 1.10761 1.02205 1.0191 1.10059 0.94368 1.17914 0.878652 1.25769 0.822005 1.33625 0.772218 1.41481 0.728116 1.49337 0.688778 0.653472 1.58804 0.864978 1.21294 0.943509 1.10761 1.02205 1.0191 1.10059 0.94368 1.17914 0.878652 1.25769 0.822005 1.33625 0.772218 1.41481 0.728116 1.49337 0.688778 0.653472 1.58378 0.864979 1.21294 0.943509 1.10761 1.02205 1.0191 1.10059 0.94368 1.17914 0.878652 1.25769 0.822005 1.33625 0.772218 1.41481 0.728116 1.49337 0.688778 0.653472 1.58076 0.864979 1.21294 0.943509 1.10761 1.02205 1.0191 1.10059 0.94368 1.17914 0.878652 1.25769 0.822005 1.33625 0.772218 1.41481 0.728116 1.49337 0.688778 0.653472 1.57884 0.864979 1.21294 0.943509 1.10761 1.02205 1.0191 1.10059 0.943679 1.17914 0.878651 1.25769 0.822005 1.33625 0.772218 1.41481 0.728116 1.49337 0.688778 1.5779 0.653472 0.864979 1.21294 0.943509 1.10761 1.02205 1.0191 1.10059 0.94368 1.17914 0.878652 1.25769 0.822005 1.33625 0.772218 1.41481 0.728116 1.49337 0.688778 0.653472 1.5779 0.864979 1.21294 0.943509 1.10761 1.02205 1.0191 1.10059 0.94368 1.17914 0.878652 1.25769 0.822005 1.33625 0.772218 1.41481 0.728116 1.49337 0.688778 0.653472 1.57884 0.864979 1.21294 0.943509 1.10761 1.02205 1.0191 1.10059 0.94368 1.17914 0.878652 1.25769 0.822005 1.33625 0.772218 1.41481 0.728116 1.49337 0.688778 0.653472 1.58076 0.864978 1.21294 0.943509 1.10761 1.02205 1.0191 1.10059 0.94368 1.17914 0.878652 1.25769 0.822005 1.33625 0.772218 1.41481 0.728116 1.49337 0.688778 0.653472 1.58378 0.864978 1.21294 0.943509 1.10761 1.02205 1.0191 1.10059 0.94368 1.17914 0.878652 1.25769 0.822006 1.33625 0.772219 1.41481 0.728116 1.49337 0.688778 0.653472 1.58804 0.864978 1.21294 0.943508 1.10761 1.02205 1.0191 1.10059 0.94368 1.17914 0.878652 1.25769 0.822006 1.33625 0.772219 1.41481 0.728117 1.49337 0.688779 0.653472 1.59376 0.864978 1.21294 0.943508 1.10761 1.02205 1.0191 1.10059 0.943681 1.17914 0.878653 1.25769 0.822006 1.33625 0.772219 1.41481 0.728117 1.49337 0.688779 0.653473 1.6012 0.864978 1.21294 0.943508 1.10761 1.02205 1.0191 1.10059 0.943681 1.17914 0.878653 1.25769 0.822006 1.33625 0.772219 1.41481 0.728117 1.49337 0.688779 0.653473 1.6107 0.864978 1.21294 0.943508 1.10761 1.02205 1.0191 1.10059 0.943681 1.17914 0.878653 1.25769 0.822006 1.33625 0.772219 1.41481 0.728117 1.49337 0.688779 0.653473 1.62263 0.864978 0.943508 1.02205 1.10059 1.17914 1.25769 1.33625 1.41481 1.49337 1.63746 1.56145 0.642882 1.55349 0.645969 1.54554 0.649087 1.53759 0.652235 1.52966 0.655414 1.52174 0.658623 1.51383 0.661865 1.50593 0.665138 1.49804 0.668444 1.49016 0.671783 1.48229 0.675156 1.47444 0.678562 1.4666 0.682003 1.45876 0.685479 1.45095 0.688991 1.44314 0.692539 1.43534 0.696124 1.42756 0.699746 1.4198 0.703406 0.707104 1.56203 0.655949 1.55278 0.658766 1.54363 0.661607 1.53456 0.664473 1.52559 0.667364 1.51672 0.67028 1.50795 0.673221 1.49927 0.676189 1.4907 0.679183 1.48222 0.682203 1.47385 0.68525 1.46558 0.688325 1.45742 0.691428 1.44937 0.694558 1.44143 0.697717 1.43359 0.700905 1.42587 0.704122 1.41827 0.707369 1.41078 0.710646 0.713954 1.56329 0.678022 1.55147 0.680356 1.53991 0.682705 1.52861 0.685071 1.51758 0.687454 1.50682 0.689853 1.49633 0.692269 1.48613 0.694702 1.4762 0.697152 1.46655 0.699619 1.45719 0.702104 1.44813 0.704607 1.43935 0.707127 1.43088 0.709666 1.42271 0.712223 1.41484 0.714798 1.40728 0.717392 1.40003 0.720005 1.39311 0.722638 0.725289 1.56543 0.709557 1.54974 0.711145 1.53457 0.71274 1.51994 0.714343 1.50584 0.715953 1.49228 0.71757 1.47927 0.719194 1.46681 0.720825 1.4549 0.722465 1.44355 0.724111 1.43277 0.725765 1.42256 0.727427 1.41292 0.729096 1.40387 0.730773 1.39539 0.732458 1.38752 0.73415 1.38023 0.73585 1.37355 0.737559 1.36748 0.739275 0.740999 1.56876 0.751228 1.54789 0.751733 1.52792 0.752239 1.50886 0.752746 1.49071 0.753253 1.47348 0.753761 1.45717 0.754269 1.44178 0.754779 1.42732 0.755289 1.4138 0.755799 1.40122 0.756311 1.38957 0.756823 1.37888 0.757335 1.36914 0.757849 1.36035 0.758363 1.35252 0.758878 1.34566 0.759393 1.33977 0.759909 1.33485 0.760426 0.760944 1.57371 0.803966 1.54631 0.802944 1.52032 0.801924 1.49576 0.800906 1.4726 0.799891 1.45086 0.798879 1.43053 0.797869 1.41161 0.796862 1.3941 0.795857 1.378 0.794855 1.36331 0.793856 1.35002 0.792859 1.33814 0.791864 1.32767 0.790872 1.3186 0.789882 1.31094 0.788895 1.30468 0.787911 1.29982 0.786928 1.29637 0.785949 0.784971 1.5808 0.869016 1.54548 0.865871 1.51225 0.86275 1.4811 0.85965 1.45201 0.856573 1.42496 0.853518 1.39994 0.850485 1.37695 0.847473 1.35595 0.844482 1.33695 0.841513 1.31992 0.838564 1.30486 0.835636 1.29174 0.832728 1.28057 0.82984 1.27131 0.826973 1.26396 0.824125 1.25851 0.821296 1.25495 0.818487 1.25325 0.815697 0.812927 1.5907 0.948014 1.54599 0.941948 1.50424 0.935959 1.46541 0.930046 1.42947 0.924207 1.39636 0.918442 1.36605 0.912747 1.3385 0.907123 1.31366 0.901568 1.29151 0.89608 1.272 0.890659 1.25509 0.885303 1.24075 0.88001 1.22895 0.874781 1.21965 0.869614 1.21281 0.864507 1.20841 0.85946 1.2064 0.854472 1.20676 0.849541 0.844667 1.60423 1.04311 1.54853 1.03304 1.49691 1.02316 1.44929 1.01346 1.40557 1.00395 1.36568 0.994618 1.3295 0.985456 1.29698 0.976461 1.26802 0.967629 1.24254 0.958956 1.22047 0.950436 1.20173 0.942067 1.18625 0.933843 1.17397 0.925762 1.1648 0.91782 1.15869 0.910013 1.15557 0.902338 1.15538 0.894791 1.15805 0.887369 0.880069 1.6224 1.0586 1.55391 1.05298 1.49095 1.04741 1.43336 1.0419 1.38094 1.03645 1.33354 1.03105 1.29098 1.02571 1.25312 1.02043 1.2198 1.0152 1.1909 1.01002 1.16626 1.0049 1.14575 0.999825 1.12927 0.994804 1.11667 0.989833 1.10786 0.984911 1.10271 0.980038 1.10112 0.975214 1.10298 0.970436 1.10821 0.965705 0.96102 1 1 1.0586 1 1 1 1 1 1 1 1 1 1 1 1 1 1 1 1 1 1 1 1 1 1 1 1 1 1 1 1 1 1 1 1 1 1 1 1 1 1 1 1.05298 1 1 1 1 1 1 1 1 1 1 1 1 1 1 1 1 1 1 1 1 1 1 1 1 1 1 1 1 1 1 1 1 1 1 1 1 1 1 1 1.04741 1 1 1 1 1 1 1 1 1 1 1 1 1 1 1 1 1 1 1 1 1 1 1 1 1 1 1 1 1 1 1 1 1 1 1 1 1 1 1 1.0419 1 1 1 1 1 1 1 1 1 1 1 1 1 1 1 1 1 1 1 1 1 1 1 1 1 1 1 1 1 1 1 1 1 1 1 1 1 1 1 1.03645 1 1 1 1 1 1 1 1 1 1 1 1 1 1 1 1 1 1 1 1 1 1 1 1 1 1 1 1 1 1 1 1 1 1 1 1 1 1 1 1.03105 1 1 1 1 1 1 1 1 1 1 1 1 1 1 1 1 1 1 1 1 1 1 1 1 1 1 1 1 1 1 1 1 1 1 1 1 1 1 1 1.02571 1 1 1 1 1 1 1 1 1 1 1 1 1 1 1 1 1 1 1 1 1 1 1 1 1 1 1 1 1 1 1 1 1 1 1 1 1 1 1 1.02043 1 1 1 1 1 1 1 1 1 1 1 1 1 1 1 1 1 1 1 1 1 1 1 1 1 1 1 1 1 1 1 1 1 1 1 1 1 1 1 1.0152 1 1 1 1 1 1 1 1 1 1 1 1 1 1 1 1 1 1 1 1 1 1 1 1 1 1 1 1 1 1 1 1 1 1 1 1 1 1 1 1.01002 1 1 1 1 1 1 1 1 1 1 1 1 1 1 1 1 1 1 1 1 1 1 1 1 1 1 1 1 1 1 1 1 1 1 1 1 1 1 1 1.0049 1 1 1 1 1 1 1 1 1 1 1 1 1 1 1 1 1 1 1 1 1 1 1 1 1 1 1 1 1 1 1 1 1 1 1 1 1 1 1 0.999825 1 1 1 1 1 1 1 1 1 1 1 1 1 1 1 1 1 1 1 1 1 1 1 1 1 1 1 1 1 1 1 1 1 1 1 1 1 1 1 0.994804 1 1 1 1 1 1 1 1 1 1 1 1 1 1 1 1 1 1 1 1 1 1 1 1 1 1 1 1 1 1 1 1 1 1 1 1 1 1 1 0.989833 1 1 1 1 1 1 1 1 1 1 1 1 1 1 1 1 1 1 1 1 1 1 1 1 1 1 1 1 1 1 1 1 1 1 1 1 1 1 1 0.984911 1 1 1 1 1 1 1 1 1 1 1 1 1 1 1 1 1 1 1 1 1 1 1 1 1 1 1 1 1 1 1 1 1 1 1 1 1 1 1 0.980038 1 1 1 1 1 1 1 1 1 1 1 1 1 1 1 1 1 1 1 1 1 1 1 1 1 1 1 1 1 1 1 1 1 1 1 1 1 1 1 0.975214 1 1 1 1 1 1 1 1 1 1 1 1 1 1 1 1 1 1 1 1 1 1 1 1 1 1 1 1 1 1 1 1 1 1 1 1 1 1 1 0.970436 1 1 1 1 1 1 1 1 1 1 1 1 1 1 1 1 1 1 1 1 1 1 1 1 1 1 1 1 1 1 1 1 1 1 1 1 1 1 1 0.965705 1 1 1 1 1 1 1 1 1 1 1 1 1 1 1 1 1 1 1 1 1 1 1 1 1 1 1 1 1 1 1 1 1 1 1 1 1 1 0.96102 1 1 1 1 1 1 1 1 1 1 1 1 1 1 1 1 1 1 0.642882 1.56145 0.638555 0.655949 1.56203 0.678022 1.56329 0.709557 1.56543 0.751228 1.56876 0.803966 1.57371 0.869016 1.5808 0.948014 1.5907 1.04311 1.60423 1.6224 0.645969 1.55349 0.64173 0.658766 1.55278 0.680356 1.55147 0.711145 1.54974 0.751733 1.54789 0.802944 1.54631 0.865871 1.54548 0.941948 1.54599 1.03304 1.54853 1.55391 0.649087 1.54554 0.644937 0.661607 1.54363 0.682705 1.53991 0.71274 1.53457 0.752239 1.52792 0.801924 1.52032 0.86275 1.51225 0.935959 1.50424 1.02316 1.49691 1.49095 0.652235 1.53759 0.648176 0.664473 1.53456 0.685071 1.52861 0.714343 1.51994 0.752746 1.50886 0.800906 1.49576 0.85965 1.4811 0.930046 1.46541 1.01346 1.44929 1.43336 0.655414 1.52966 0.651447 0.667364 1.52559 0.687454 1.51758 0.715953 1.50584 0.753253 1.49071 0.799891 1.4726 0.856573 1.45201 0.924207 1.42947 1.00395 1.40557 1.38094 0.658623 1.52174 0.654752 0.67028 1.51672 0.689853 1.50682 0.71757 1.49228 0.753761 1.47348 0.798879 1.45086 0.853518 1.42496 0.918442 1.39636 0.994618 1.36568 1.33354 0.661865 1.51383 0.658091 0.673221 1.50795 0.692269 1.49633 0.719194 1.47927 0.754269 1.45717 0.797869 1.43053 0.850485 1.39994 0.912747 1.36605 0.985456 1.3295 1.29098 0.665138 1.50593 0.661464 0.676189 1.49927 0.694702 1.48613 0.720825 1.46681 0.754779 1.44178 0.796862 1.41161 0.847473 1.37695 0.907123 1.3385 0.976461 1.29698 1.25312 0.668444 1.49804 0.664872 0.679183 1.4907 0.697152 1.4762 0.722465 1.4549 0.755289 1.42732 0.795857 1.3941 0.844482 1.35595 0.901568 1.31366 0.967629 1.26802 1.2198 0.671783 1.49016 0.668315 0.682203 1.48222 0.699619 1.46655 0.724111 1.44355 0.755799 1.4138 0.794855 1.378 0.841513 1.33695 0.89608 1.29151 0.958956 1.24254 1.1909 0.675156 1.48229 0.671793 0.68525 1.47385 0.702104 1.45719 0.725765 1.43277 0.756311 1.40122 0.793856 1.36331 0.838564 1.31992 0.890659 1.272 0.950436 1.22047 1.16626 0.678562 1.47444 0.675309 0.688325 1.46558 0.704607 1.44813 0.727427 1.42256 0.756823 1.38957 0.792859 1.35002 0.835636 1.30486 0.885303 1.25509 0.942067 1.20173 1.14575 0.682003 1.4666 0.678861 0.691428 1.45742 0.707127 1.43935 0.729096 1.41292 0.757335 1.37888 0.791864 1.33814 0.832728 1.29174 0.88001 1.24075 0.933843 1.18625 1.12927 0.685479 1.45876 0.682451 0.694558 1.44937 0.709666 1.43088 0.730773 1.40387 0.757849 1.36914 0.790872 1.32767 0.82984 1.28057 0.874781 1.22895 0.925762 1.17397 1.11667 0.688991 1.45095 0.686078 0.697717 1.44143 0.712223 1.42271 0.732458 1.39539 0.758363 1.36035 0.789882 1.3186 0.826973 1.27131 0.869614 1.21965 0.91782 1.1648 1.10786 0.692539 1.44314 0.689745 0.700905 1.43359 0.714798 1.41484 0.73415 1.38752 0.758878 1.35252 0.788895 1.31094 0.824125 1.26396 0.864507 1.21281 0.910013 1.15869 1.10271 0.696124 1.43534 0.693451 0.704122 1.42587 0.717392 1.40728 0.73585 1.38023 0.759393 1.34566 0.787911 1.30468 0.821296 1.25851 0.85946 1.20841 0.902338 1.15557 1.10112 0.699746 1.42756 0.697197 0.707369 1.41827 0.720005 1.40003 0.737559 1.37355 0.759909 1.33977 0.786928 1.29982 0.818487 1.25495 0.854472 1.2064 0.894791 1.15538 1.10298 0.703406 1.4198 0.700984 0.710646 1.41078 0.722638 1.39311 0.739275 1.36748 0.760426 1.33485 0.785949 1.29637 0.815697 1.25325 0.849541 1.20676 0.887369 1.15805 1.10821 0.707104 0.704812 0.713954 0.725289 0.740999 0.760944 0.784971 0.812927 0.844667 0.880069 1.49337 0.653473 0.653473 1.63746 1.41481 0.688779 0.688779 1.33625 0.728117 0.728117 1.25769 0.772219 0.772219 1.17914 0.822006 0.822006 1.10059 0.878653 0.878653 1.02205 0.943681 0.943681 0.943508 1.0191 1.0191 0.864978 1.10761 1.10761 1.21294 1.21294 1.49337 0.653473 1.62263 1.41481 0.688779 1.33625 0.728117 1.25769 0.772219 1.17914 0.822006 1.10059 0.878653 1.02205 0.943681 0.943508 1.0191 0.864978 1.10761 1.21294 1.49337 0.653473 1.6107 1.41481 0.688779 1.33625 0.728117 1.25769 0.772219 1.17914 0.822006 1.10059 0.878653 1.02205 0.943681 0.943508 1.0191 0.864978 1.10761 1.21294 1.49337 0.653472 1.6012 1.41481 0.688779 1.33625 0.728117 1.25769 0.772219 1.17914 0.822006 1.10059 0.878652 1.02205 0.94368 0.943508 1.0191 0.864978 1.10761 1.21294 1.49337 0.653472 1.59376 1.41481 0.688778 1.33625 0.728116 1.25769 0.772219 1.17914 0.822006 1.10059 0.878652 1.02205 0.94368 0.943508 1.0191 0.864978 1.10761 1.21294 1.49337 0.653472 1.58804 1.41481 0.688778 1.33625 0.728116 1.25769 0.772218 1.17914 0.822005 1.10059 0.878652 1.02205 0.94368 0.943509 1.0191 0.864978 1.10761 1.21294 1.49337 0.653472 1.58378 1.41481 0.688778 1.33625 0.728116 1.25769 0.772218 1.17914 0.822005 1.10059 0.878652 1.02205 0.94368 0.943509 1.0191 0.864978 1.10761 1.21294 1.49337 0.653472 1.58076 1.41481 0.688778 1.33625 0.728116 1.25769 0.772218 1.17914 0.822005 1.10059 0.878652 1.02205 0.94368 0.943509 1.0191 0.864979 1.10761 1.21294 1.49337 0.653472 1.57884 1.41481 0.688778 1.33625 0.728116 1.25769 0.772218 1.17914 0.822005 1.10059 0.878652 1.02205 0.94368 0.943509 1.0191 0.864979 1.10761 1.21294 1.49337 1.5779 1.41481 1.33625 1.25769 1.17914 1.10059 1.02205 0.943509 0.864979 1.49337 0.653472 1.5779 1.41481 0.688778 1.33625 0.728116 1.25769 0.772218 1.17914 0.822005 1.10059 0.878652 1.02205 0.94368 0.943509 1.0191 0.864979 1.10761 1.21294 1.49337 0.653472 1.57884 1.41481 0.688778 1.33625 0.728116 1.25769 0.772218 1.17914 0.822005 1.10059 0.878652 1.02205 0.94368 0.943509 1.0191 0.864979 1.10761 1.21294 1.49337 0.653472 1.58076 1.41481 0.688778 1.33625 0.728116 1.25769 0.772218 1.17914 0.822005 1.10059 0.878652 1.02205 0.94368 0.943509 1.0191 0.864979 1.10761 1.21294 1.49337 0.653472 1.58378 1.41481 0.688778 1.33625 0.728116 1.25769 0.772218 1.17914 0.822005 1.10059 0.878652 1.02205 0.94368 0.943509 1.0191 0.864978 1.10761 1.21294 1.49337 0.653472 1.58804 1.41481 0.688778 1.33625 0.728116 1.25769 0.772219 1.17914 0.822006 1.10059 0.878652 1.02205 0.94368 0.943509 1.0191 0.864978 1.10761 1.21294 1.49337 0.653472 1.59376 1.41481 0.688779 1.33625 0.728117 1.25769 0.772219 1.17914 0.822006 1.10059 0.878652 1.02205 0.94368 0.943508 1.0191 0.864978 1.10761 1.21294 1.49337 0.653473 1.6012 1.41481 0.688779 1.33625 0.728117 1.25769 0.772219 1.17914 0.822006 1.10059 0.878653 1.02205 0.943681 0.943508 1.0191 0.864978 1.10761 1.21294 1.49337 0.653473 1.6107 1.41481 0.688779 1.33625 0.728117 1.25769 0.772219 1.17914 0.822006 1.10059 0.878653 1.02205 0.943681 0.943508 1.0191 0.864978 1.10761 1.21294 1.49337 0.653473 1.62263 1.41481 0.688779 1.33625 0.728117 1.25769 0.772219 1.17914 0.822006 1.10059 0.878653 1.02205 0.943681 0.943508 1.0191 0.864978 1.10761 1.21294 1.49337 1.63746 1.41481 1.33625 1.25769 1.17914 1.10059 1.02205 0.943508 0.864978 1.4198 0.707104 1.42756 0.703406 1.43534 0.699746 1.44314 0.696124 1.45095 0.692539 1.45876 0.688991 1.4666 0.685479 1.47444 0.682003 1.48229 0.678562 1.49016 0.675156 1.49804 0.671783 1.50593 0.668444 1.51383 0.665138 1.52174 0.661865 1.52966 0.658623 1.53759 0.655414 1.54554 0.652235 1.55349 0.649087 1.56145 0.645969 0.642882 1.41078 0.713954 1.41827 0.710646 1.42587 0.707369 1.43359 0.704122 1.44143 0.700905 1.44937 0.697717 1.45742 0.694558 1.46558 0.691428 1.47385 0.688325 1.48222 0.68525 1.4907 0.682203 1.49927 0.679183 1.50795 0.676189 1.51672 0.673221 1.52559 0.67028 1.53456 0.667364 1.54363 0.664473 1.55278 0.661607 1.56203 0.658766 0.655949 1.39311 0.725289 1.40003 0.722638 1.40728 0.720005 1.41484 0.717392 1.42271 0.714798 1.43088 0.712223 1.43935 0.709666 1.44813 0.707127 1.45719 0.704607 1.46655 0.702104 1.4762 0.699619 1.48613 0.697152 1.49633 0.694702 1.50682 0.692269 1.51758 0.689853 1.52861 0.687454 1.53991 0.685071 1.55147 0.682705 1.56329 0.680356 0.678022 1.36748 0.740999 1.37355 0.739275 1.38023 0.737559 1.38752 0.73585 1.39539 0.73415 1.40387 0.732458 1.41292 0.730773 1.42256 0.729096 1.43277 0.727427 1.44355 0.725765 1.4549 0.724111 1.46681 0.722465 1.47927 0.720825 1.49228 0.719194 1.50584 0.71757 1.51994 0.715953 1.53457 0.714343 1.54974 0.71274 1.56543 0.711145 0.709557 1.33485 0.760944 1.33977 0.760426 1.34566 0.759909 1.35252 0.759393 1.36035 0.758878 1.36914 0.758363 1.37888 0.757849 1.38957 0.757335 1.40122 0.756823 1.4138 0.756311 1.42732 0.755799 1.44178 0.755289 1.45717 0.754779 1.47348 0.754269 1.49071 0.753761 1.50886 0.753253 1.52792 0.752746 1.54789 0.752239 1.56876 0.751733 0.751228 1.29637 0.784971 1.29982 0.785949 1.30468 0.786928 1.31094 0.787911 1.3186 0.788895 1.32767 0.789882 1.33814 0.790872 1.35002 0.791864 1.36331 0.792859 1.378 0.793856 1.3941 0.794855 1.41161 0.795857 1.43053 0.796862 1.45086 0.797869 1.4726 0.798879 1.49576 0.799891 1.52032 0.800906 1.54631 0.801924 1.57371 0.802944 0.803966 1.25325 0.812927 1.25495 0.815697 1.25851 0.818487 1.26396 0.821296 1.27131 0.824125 1.28057 0.826973 1.29174 0.82984 1.30486 0.832728 1.31992 0.835636 1.33695 0.838564 1.35595 0.841513 1.37695 0.844482 1.39994 0.847473 1.42496 0.850485 1.45201 0.853518 1.4811 0.856573 1.51225 0.85965 1.54548 0.86275 1.5808 0.865871 0.869016 1.20676 0.844667 1.2064 0.849541 1.20841 0.854472 1.21281 0.85946 1.21965 0.864507 1.22895 0.869614 1.24075 0.874781 1.25509 0.88001 1.272 0.885303 1.29151 0.890659 1.31366 0.89608 1.3385 0.901568 1.36605 0.907123 1.39636 0.912747 1.42947 0.918442 1.46541 0.924207 1.50424 0.930046 1.54599 0.935959 1.5907 0.941948 0.948014 1.15805 0.880069 1.15538 0.887369 1.15557 0.894791 1.15869 0.902338 1.1648 0.910013 1.17397 0.91782 1.18625 0.925762 1.20173 0.933843 1.22047 0.942067 1.24254 0.950436 1.26802 0.958956 1.29698 0.967629 1.3295 0.976461 1.36568 0.985456 1.40557 0.994618 1.44929 1.00395 1.49691 1.01346 1.54853 1.02316 1.60423 1.03304 1.04311 1.10821 0.96102 1.10298 0.965705 1.10112 0.970436 1.10271 0.975214 1.10786 0.980038 1.11667 0.984911 1.12927 0.989833 1.14575 0.994804 1.16626 0.999825 1.1909 1.0049 1.2198 1.01002 1.25312 1.0152 1.29098 1.02043 1.33354 1.02571 1.38094 1.03105 1.43336 1.03645 1.49095 1.0419 1.55391 1.04741 1.6224 1.05298 1.0586 1 1 1 1 1 1 1 1 1 1 1 1 1 1 1 1 1 1 1 1 1 1 1 1 1 1 1 1 1 1 1 1 1 1 1 1 1 1 1 1.0586 1 1 1 1 1 1 1 1 1 1 1 1 1 1 1 1 1 1 1 1 1 1 1 1 1 1 1 1 1 1 1 1 1 1 1 1 1 1 1 1.05298 1 1 1 1 1 1 1 1 1 1 1 1 1 1 1 1 1 1 1 1 1 1 1 1 1 1 1 1 1 1 1 1 1 1 1 1 1 1 1 1.04741 1 1 1 1 1 1 1 1 1 1 1 1 1 1 1 1 1 1 1 1 1 1 1 1 1 1 1 1 1 1 1 1 1 1 1 1 1 1 1 1.0419 1 1 1 1 1 1 1 1 1 1 1 1 1 1 1 1 1 1 1 1 1 1 1 1 1 1 1 1 1 1 1 1 1 1 1 1 1 1 1 1.03645 1 1 1 1 1 1 1 1 1 1 1 1 1 1 1 1 1 1 1 1 1 1 1 1 1 1 1 1 1 1 1 1 1 1 1 1 1 1 1 1.03105 1 1 1 1 1 1 1 1 1 1 1 1 1 1 1 1 1 1 1 1 1 1 1 1 1 1 1 1 1 1 1 1 1 1 1 1 1 1 1 1.02571 1 1 1 1 1 1 1 1 1 1 1 1 1 1 1 1 1 1 1 1 1 1 1 1 1 1 1 1 1 1 1 1 1 1 1 1 1 1 1 1.02043 1 1 1 1 1 1 1 1 1 1 1 1 1 1 1 1 1 1 1 1 1 1 1 1 1 1 1 1 1 1 1 1 1 1 1 1 1 1 1 1.0152 1 1 1 1 1 1 1 1 1 1 1 1 1 1 1 1 1 1 1 1 1 1 1 1 1 1 1 1 1 1 1 1 1 1 1 1 1 1 1 1.01002 1 1 1 1 1 1 1 1 1 1 1 1 1 1 1 1 1 1 1 1 1 1 1 1 1 1 1 1 1 1 1 1 1 1 1 1 1 1 1 1.0049 1 1 1 1 1 1 1 1 1 1 1 1 1 1 1 1 1 1 1 1 1 1 1 1 1 1 1 1 1 1 1 1 1 1 1 1 1 1 1 0.999825 1 1 1 1 1 1 1 1 1 1 1 1 1 1 1 1 1 1 1 1 1 1 1 1 1 1 1 1 1 1 1 1 1 1 1 1 1 1 1 0.994804 1 1 1 1 1 1 1 1 1 1 1 1 1 1 1 1 1 1 1 1 1 1 1 1 1 1 1 1 1 1 1 1 1 1 1 1 1 1 1 0.989833 1 1 1 1 1 1 1 1 1 1 1 1 1 1 1 1 1 1 1 1 1 1 1 1 1 1 1 1 1 1 1 1 1 1 1 1 1 1 1 0.984911 1 1 1 1 1 1 1 1 1 1 1 1 1 1 1 1 1 1 1 1 1 1 1 1 1 1 1 1 1 1 1 1 1 1 1 1 1 1 1 0.980038 1 1 1 1 1 1 1 1 1 1 1 1 1 1 1 1 1 1 1 1 1 1 1 1 1 1 1 1 1 1 1 1 1 1 1 1 1 1 1 0.975214 1 1 1 1 1 1 1 1 1 1 1 1 1 1 1 1 1 1 1 1 1 1 1 1 1 1 1 1 1 1 1 1 1 1 1 1 1 1 1 0.970436 1 1 1 1 1 1 1 1 1 1 1 1 1 1 1 1 1 1 1 1 1 1 1 1 1 1 1 1 1 1 1 1 1 1 1 1 1 1 1 0.965705 1 1 1 1 1 1 1 1 1 1 1 1 1 1 1 1 1 1 1 0.96102 1.04311 1.6224 0.948014 1.60423 0.869016 1.5907 0.803966 1.5808 0.751228 1.57371 0.709557 1.56876 0.678022 1.56543 0.655949 1.56329 0.642882 1.56203 1.56145 1.03304 1.55391 0.941948 1.54853 0.865871 1.54599 0.802944 1.54548 0.751733 1.54631 0.711145 1.54789 0.680356 1.54974 0.658766 1.55147 0.645969 1.55278 1.55349 1.02316 1.49095 0.935959 1.49691 0.86275 1.50424 0.801924 1.51225 0.752239 1.52032 0.71274 1.52792 0.682705 1.53457 0.661607 1.53991 0.649087 1.54363 1.54554 1.01346 1.43336 0.930046 1.44929 0.85965 1.46541 0.800906 1.4811 0.752746 1.49576 0.714343 1.50886 0.685071 1.51994 0.664473 1.52861 0.652235 1.53456 1.53759 1.00395 1.38094 0.924207 1.40557 0.856573 1.42947 0.799891 1.45201 0.753253 1.4726 0.715953 1.49071 0.687454 1.50584 0.667364 1.51758 0.655414 1.52559 1.52966 0.994618 1.33354 0.918442 1.36568 0.853518 1.39636 0.798879 1.42496 0.753761 1.45086 0.71757 1.47348 0.689853 1.49228 0.67028 1.50682 0.658623 1.51672 1.52174 0.985456 1.29098 0.912747 1.3295 0.850485 1.36605 0.797869 1.39994 0.754269 1.43053 0.719194 1.45717 0.692269 1.47927 0.673221 1.49633 0.661865 1.50795 1.51383 0.976461 1.25312 0.907123 1.29698 0.847473 1.3385 0.796862 1.37695 0.754779 1.41161 0.720825 1.44178 0.694702 1.46681 0.676189 1.48613 0.665138 1.49927 1.50593 0.967629 1.2198 0.901568 1.26802 0.844482 1.31366 0.795857 1.35595 0.755289 1.3941 0.722465 1.42732 0.697152 1.4549 0.679183 1.4762 0.668444 1.4907 1.49804 0.958956 1.1909 0.89608 1.24254 0.841513 1.29151 0.794855 1.33695 0.755799 1.378 0.724111 1.4138 0.699619 1.44355 0.682203 1.46655 0.671783 1.48222 1.49016 0.950436 1.16626 0.890659 1.22047 0.838564 1.272 0.793856 1.31992 0.756311 1.36331 0.725765 1.40122 0.702104 1.43277 0.68525 1.45719 0.675156 1.47385 1.48229 0.942067 1.14575 0.885303 1.20173 0.835636 1.25509 0.792859 1.30486 0.756823 1.35002 0.727427 1.38957 0.704607 1.42256 0.688325 1.44813 0.678562 1.46558 1.47444 0.933843 1.12927 0.88001 1.18625 0.832728 1.24075 0.791864 1.29174 0.757335 1.33814 0.729096 1.37888 0.707127 1.41292 0.691428 1.43935 0.682003 1.45742 1.4666 0.925762 1.11667 0.874781 1.17397 0.82984 1.22895 0.790872 1.28057 0.757849 1.32767 0.730773 1.36914 0.709666 1.40387 0.694558 1.43088 0.685479 1.44937 1.45876 0.91782 1.10786 0.869614 1.1648 0.826973 1.21965 0.789882 1.27131 0.758363 1.3186 0.732458 1.36035 0.712223 1.39539 0.697717 1.42271 0.688991 1.44143 1.45095 0.910013 1.10271 0.864507 1.15869 0.824125 1.21281 0.788895 1.26396 0.758878 1.31094 0.73415 1.35252 0.714798 1.38752 0.700905 1.41484 0.692539 1.43359 1.44314 0.902338 1.10112 0.85946 1.15557 0.821296 1.20841 0.787911 1.25851 0.759393 1.30468 0.73585 1.34566 0.717392 1.38023 0.704122 1.40728 0.696124 1.42587 1.43534 0.894791 1.10298 0.854472 1.15538 0.818487 1.2064 0.786928 1.25495 0.759909 1.29982 0.737559 1.33977 0.720005 1.37355 0.707369 1.40003 0.699746 1.41827 1.42756 0.887369 1.10821 0.849541 1.15805 0.815697 1.20676 0.785949 1.25325 0.760426 1.29637 0.739275 1.33485 0.722638 1.36748 0.710646 1.39311 0.703406 1.41078 1.4198 0.880069 0.844667 0.812927 0.784971 0.760944 0.740999 0.725289 0.713954 0.707104 );
    upperAddr       3890 ( 1 10 190 2 11 191 3 12 192 4 13 193 5 14 194 6 15 195 7 16 196 8 17 197 9 18 198 19 199 809 11 20 12 21 13 22 14 23 15 24 16 25 17 26 18 27 19 28 29 808 21 30 22 31 23 32 24 33 25 34 26 35 27 36 28 37 29 38 39 807 31 40 32 41 33 42 34 43 35 44 36 45 37 46 38 47 39 48 49 806 41 50 42 51 43 52 44 53 45 54 46 55 47 56 48 57 49 58 59 805 51 60 52 61 53 62 54 63 55 64 56 65 57 66 58 67 59 68 69 804 61 70 62 71 63 72 64 73 65 74 66 75 67 76 68 77 69 78 79 803 71 80 72 81 73 82 74 83 75 84 76 85 77 86 78 87 79 88 89 802 81 90 82 91 83 92 84 93 85 94 86 95 87 96 88 97 89 98 99 801 91 1099 92 1098 93 1097 94 1096 95 1095 96 1094 97 1093 98 1092 99 1091 800 1090 101 110 102 111 103 112 104 113 105 114 106 115 107 116 108 117 109 118 119 200 111 120 112 121 113 122 114 123 115 124 116 125 117 126 118 127 119 128 129 220 121 130 122 131 123 132 124 133 125 134 126 135 127 136 128 137 129 138 139 240 131 140 132 141 133 142 134 143 135 144 136 145 137 146 138 147 139 148 149 260 141 150 142 151 143 152 144 153 145 154 146 155 147 156 148 157 149 158 159 280 151 160 152 161 153 162 154 163 155 164 156 165 157 166 158 167 159 168 169 300 161 170 162 171 163 172 164 173 165 174 166 175 167 176 168 177 169 178 179 320 171 180 172 181 173 182 174 183 175 184 176 185 177 186 178 187 179 188 189 340 181 190 182 191 183 192 184 193 185 194 186 195 187 196 188 197 189 198 199 360 191 192 193 194 195 196 197 198 199 380 201 220 202 221 203 222 204 223 205 224 206 225 207 226 208 227 209 228 210 229 211 230 212 231 213 232 214 233 215 234 216 235 217 236 218 237 219 238 239 221 240 222 241 223 242 224 243 225 244 226 245 227 246 228 247 229 248 230 249 231 250 232 251 233 252 234 253 235 254 236 255 237 256 238 257 239 258 259 241 260 242 261 243 262 244 263 245 264 246 265 247 266 248 267 249 268 250 269 251 270 252 271 253 272 254 273 255 274 256 275 257 276 258 277 259 278 279 261 280 262 281 263 282 264 283 265 284 266 285 267 286 268 287 269 288 270 289 271 290 272 291 273 292 274 293 275 294 276 295 277 296 278 297 279 298 299 281 300 282 301 283 302 284 303 285 304 286 305 287 306 288 307 289 308 290 309 291 310 292 311 293 312 294 313 295 314 296 315 297 316 298 317 299 318 319 301 320 302 321 303 322 304 323 305 324 306 325 307 326 308 327 309 328 310 329 311 330 312 331 313 332 314 333 315 334 316 335 317 336 318 337 319 338 339 321 340 322 341 323 342 324 343 325 344 326 345 327 346 328 347 329 348 330 349 331 350 332 351 333 352 334 353 335 354 336 355 337 356 338 357 339 358 359 341 360 342 361 343 362 344 363 345 364 346 365 347 366 348 367 349 368 350 369 351 370 352 371 353 372 354 373 355 374 356 375 357 376 358 377 359 378 379 361 380 362 381 363 382 364 383 365 384 366 385 367 386 368 387 369 388 370 389 371 390 372 391 373 392 374 393 375 394 376 395 377 396 378 397 379 398 399 381 400 382 401 383 402 384 403 385 404 386 405 387 406 388 407 389 408 390 409 391 410 392 411 393 412 394 413 395 414 396 415 397 416 398 417 399 418 419 401 420 809 402 421 403 422 404 423 405 424 406 425 407 426 408 427 409 428 410 429 411 430 412 431 413 432 414 433 415 434 416 435 417 436 418 437 419 438 439 421 440 819 422 441 423 442 424 443 425 444 426 445 427 446 428 447 429 448 430 449 431 450 432 451 433 452 434 453 435 454 436 455 437 456 438 457 439 458 459 441 460 829 442 461 443 462 444 463 445 464 446 465 447 466 448 467 449 468 450 469 451 470 452 471 453 472 454 473 455 474 456 475 457 476 458 477 459 478 479 461 480 839 462 481 463 482 464 483 465 484 466 485 467 486 468 487 469 488 470 489 471 490 472 491 473 492 474 493 475 494 476 495 477 496 478 497 479 498 499 481 500 849 482 501 483 502 484 503 485 504 486 505 487 506 488 507 489 508 490 509 491 510 492 511 493 512 494 513 495 514 496 515 497 516 498 517 499 518 519 501 520 859 502 521 503 522 504 523 505 524 506 525 507 526 508 527 509 528 510 529 511 530 512 531 513 532 514 533 515 534 516 535 517 536 518 537 519 538 539 521 540 869 522 541 523 542 524 543 525 544 526 545 527 546 528 547 529 548 530 549 531 550 532 551 533 552 534 553 535 554 536 555 537 556 538 557 539 558 559 541 560 879 542 561 543 562 544 563 545 564 546 565 547 566 548 567 549 568 550 569 551 570 552 571 553 572 554 573 555 574 556 575 557 576 558 577 559 578 579 561 580 889 562 581 563 582 564 583 565 584 566 585 567 586 568 587 569 588 570 589 571 590 572 591 573 592 574 593 575 594 576 595 577 596 578 597 579 598 599 581 600 899 582 601 583 602 584 603 585 604 586 605 587 606 588 607 589 608 590 609 591 610 592 611 593 612 594 613 595 614 596 615 597 616 598 617 599 618 619 601 620 909 602 621 603 622 604 623 605 624 606 625 607 626 608 627 609 628 610 629 611 630 612 631 613 632 614 633 615 634 616 635 617 636 618 637 619 638 639 621 640 919 622 641 623 642 624 643 625 644 626 645 627 646 628 647 629 648 630 649 631 650 632 651 633 652 634 653 635 654 636 655 637 656 638 657 639 658 659 641 660 929 642 661 643 662 644 663 645 664 646 665 647 666 648 667 649 668 650 669 651 670 652 671 653 672 654 673 655 674 656 675 657 676 658 677 659 678 679 661 680 939 662 681 663 682 664 683 665 684 666 685 667 686 668 687 669 688 670 689 671 690 672 691 673 692 674 693 675 694 676 695 677 696 678 697 679 698 699 681 700 949 682 701 683 702 684 703 685 704 686 705 687 706 688 707 689 708 690 709 691 710 692 711 693 712 694 713 695 714 696 715 697 716 698 717 699 718 719 701 720 959 702 721 703 722 704 723 705 724 706 725 707 726 708 727 709 728 710 729 711 730 712 731 713 732 714 733 715 734 716 735 717 736 718 737 719 738 739 721 740 969 722 741 723 742 724 743 725 744 726 745 727 746 728 747 729 748 730 749 731 750 732 751 733 752 734 753 735 754 736 755 737 756 738 757 739 758 759 741 760 979 742 761 743 762 744 763 745 764 746 765 747 766 748 767 749 768 750 769 751 770 752 771 753 772 754 773 755 774 756 775 757 776 758 777 759 778 779 761 780 989 762 781 763 782 764 783 765 784 766 785 767 786 768 787 769 788 770 789 771 790 772 791 773 792 774 793 775 794 776 795 777 796 778 797 779 798 799 781 999 782 783 784 785 786 787 788 789 790 791 792 793 794 795 796 797 798 799 801 810 1809 802 811 803 812 804 813 805 814 806 815 807 816 808 817 809 818 819 811 820 1819 812 821 813 822 814 823 815 824 816 825 817 826 818 827 819 828 829 821 830 1829 822 831 823 832 824 833 825 834 826 835 827 836 828 837 829 838 839 831 840 1839 832 841 833 842 834 843 835 844 836 845 837 846 838 847 839 848 849 841 850 1849 842 851 843 852 844 853 845 854 846 855 847 856 848 857 849 858 859 851 860 1859 852 861 853 862 854 863 855 864 856 865 857 866 858 867 859 868 869 861 870 1869 862 871 863 872 864 873 865 874 866 875 867 876 868 877 869 878 879 871 880 1879 872 881 873 882 874 883 875 884 876 885 877 886 878 887 879 888 889 881 890 1889 882 891 883 892 884 893 885 894 886 895 887 896 888 897 889 898 899 891 900 1899 892 901 893 902 894 903 895 904 896 905 897 906 898 907 899 908 909 901 910 1909 902 911 903 912 904 913 905 914 906 915 907 916 908 917 909 918 919 911 920 1919 912 921 913 922 914 923 915 924 916 925 917 926 918 927 919 928 929 921 930 1929 922 931 923 932 924 933 925 934 926 935 927 936 928 937 929 938 939 931 940 1939 932 941 933 942 934 943 935 944 936 945 937 946 938 947 939 948 949 941 950 1949 942 951 943 952 944 953 945 954 946 955 947 956 948 957 949 958 959 951 960 1959 952 961 953 962 954 963 955 964 956 965 957 966 958 967 959 968 969 961 970 1969 962 971 963 972 964 973 965 974 966 975 967 976 968 977 969 978 979 971 980 1979 972 981 973 982 974 983 975 984 976 985 977 986 978 987 979 988 989 981 990 1989 982 991 983 992 984 993 985 994 986 995 987 996 988 997 989 998 999 991 1999 992 993 994 995 996 997 998 999 1001 1010 1190 1800 1002 1011 1191 1003 1012 1192 1004 1013 1193 1005 1014 1194 1006 1015 1195 1007 1016 1196 1008 1017 1197 1009 1018 1198 1019 1199 1011 1020 1801 1012 1021 1013 1022 1014 1023 1015 1024 1016 1025 1017 1026 1018 1027 1019 1028 1029 1021 1030 1802 1022 1031 1023 1032 1024 1033 1025 1034 1026 1035 1027 1036 1028 1037 1029 1038 1039 1031 1040 1803 1032 1041 1033 1042 1034 1043 1035 1044 1036 1045 1037 1046 1038 1047 1039 1048 1049 1041 1050 1804 1042 1051 1043 1052 1044 1053 1045 1054 1046 1055 1047 1056 1048 1057 1049 1058 1059 1051 1060 1805 1052 1061 1053 1062 1054 1063 1055 1064 1056 1065 1057 1066 1058 1067 1059 1068 1069 1061 1070 1806 1062 1071 1063 1072 1064 1073 1065 1074 1066 1075 1067 1076 1068 1077 1069 1078 1079 1071 1080 1807 1072 1081 1073 1082 1074 1083 1075 1084 1076 1085 1077 1086 1078 1087 1079 1088 1089 1081 1090 1808 1082 1091 1083 1092 1084 1093 1085 1094 1086 1095 1087 1096 1088 1097 1089 1098 1099 1091 1809 1092 1093 1094 1095 1096 1097 1098 1099 1101 1110 1219 1102 1111 1103 1112 1104 1113 1105 1114 1106 1115 1107 1116 1108 1117 1109 1118 1119 1111 1120 1239 1112 1121 1113 1122 1114 1123 1115 1124 1116 1125 1117 1126 1118 1127 1119 1128 1129 1121 1130 1259 1122 1131 1123 1132 1124 1133 1125 1134 1126 1135 1127 1136 1128 1137 1129 1138 1139 1131 1140 1279 1132 1141 1133 1142 1134 1143 1135 1144 1136 1145 1137 1146 1138 1147 1139 1148 1149 1141 1150 1299 1142 1151 1143 1152 1144 1153 1145 1154 1146 1155 1147 1156 1148 1157 1149 1158 1159 1151 1160 1319 1152 1161 1153 1162 1154 1163 1155 1164 1156 1165 1157 1166 1158 1167 1159 1168 1169 1161 1170 1339 1162 1171 1163 1172 1164 1173 1165 1174 1166 1175 1167 1176 1168 1177 1169 1178 1179 1171 1180 1359 1172 1181 1173 1182 1174 1183 1175 1184 1176 1185 1177 1186 1178 1187 1179 1188 1189 1181 1190 1379 1182 1191 1183 1192 1184 1193 1185 1194 1186 1195 1187 1196 1188 1197 1189 1198 1199 1191 1399 1192 1193 1194 1195 1196 1197 1198 1199 1201 1220 1202 1221 1203 1222 1204 1223 1205 1224 1206 1225 1207 1226 1208 1227 1209 1228 1210 1229 1211 1230 1212 1231 1213 1232 1214 1233 1215 1234 1216 1235 1217 1236 1218 1237 1219 1238 1239 1221 1240 1222 1241 1223 1242 1224 1243 1225 1244 1226 1245 1227 1246 1228 1247 1229 1248 1230 1249 1231 1250 1232 1251 1233 1252 1234 1253 1235 1254 1236 1255 1237 1256 1238 1257 1239 1258 1259 1241 1260 1242 1261 1243 1262 1244 1263 1245 1264 1246 1265 1247 1266 1248 1267 1249 1268 1250 1269 1251 1270 1252 1271 1253 1272 1254 1273 1255 1274 1256 1275 1257 1276 1258 1277 1259 1278 1279 1261 1280 1262 1281 1263 1282 1264 1283 1265 1284 1266 1285 1267 1286 1268 1287 1269 1288 1270 1289 1271 1290 1272 1291 1273 1292 1274 1293 1275 1294 1276 1295 1277 1296 1278 1297 1279 1298 1299 1281 1300 1282 1301 1283 1302 1284 1303 1285 1304 1286 1305 1287 1306 1288 1307 1289 1308 1290 1309 1291 1310 1292 1311 1293 1312 1294 1313 1295 1314 1296 1315 1297 1316 1298 1317 1299 1318 1319 1301 1320 1302 1321 1303 1322 1304 1323 1305 1324 1306 1325 1307 1326 1308 1327 1309 1328 1310 1329 1311 1330 1312 1331 1313 1332 1314 1333 1315 1334 1316 1335 1317 1336 1318 1337 1319 1338 1339 1321 1340 1322 1341 1323 1342 1324 1343 1325 1344 1326 1345 1327 1346 1328 1347 1329 1348 1330 1349 1331 1350 1332 1351 1333 1352 1334 1353 1335 1354 1336 1355 1337 1356 1338 1357 1339 1358 1359 1341 1360 1342 1361 1343 1362 1344 1363 1345 1364 1346 1365 1347 1366 1348 1367 1349 1368 1350 1369 1351 1370 1352 1371 1353 1372 1354 1373 1355 1374 1356 1375 1357 1376 1358 1377 1359 1378 1379 1361 1380 1362 1381 1363 1382 1364 1383 1365 1384 1366 1385 1367 1386 1368 1387 1369 1388 1370 1389 1371 1390 1372 1391 1373 1392 1374 1393 1375 1394 1376 1395 1377 1396 1378 1397 1379 1398 1399 1381 1400 1382 1401 1383 1402 1384 1403 1385 1404 1386 1405 1387 1406 1388 1407 1389 1408 1390 1409 1391 1410 1392 1411 1393 1412 1394 1413 1395 1414 1396 1415 1397 1416 1398 1417 1399 1418 1419 1401 1420 1402 1421 1403 1422 1404 1423 1405 1424 1406 1425 1407 1426 1408 1427 1409 1428 1410 1429 1411 1430 1412 1431 1413 1432 1414 1433 1415 1434 1416 1435 1417 1436 1418 1437 1419 1438 1439 1800 1421 1440 1422 1441 1423 1442 1424 1443 1425 1444 1426 1445 1427 1446 1428 1447 1429 1448 1430 1449 1431 1450 1432 1451 1433 1452 1434 1453 1435 1454 1436 1455 1437 1456 1438 1457 1439 1458 1459 1810 1441 1460 1442 1461 1443 1462 1444 1463 1445 1464 1446 1465 1447 1466 1448 1467 1449 1468 1450 1469 1451 1470 1452 1471 1453 1472 1454 1473 1455 1474 1456 1475 1457 1476 1458 1477 1459 1478 1479 1820 1461 1480 1462 1481 1463 1482 1464 1483 1465 1484 1466 1485 1467 1486 1468 1487 1469 1488 1470 1489 1471 1490 1472 1491 1473 1492 1474 1493 1475 1494 1476 1495 1477 1496 1478 1497 1479 1498 1499 1830 1481 1500 1482 1501 1483 1502 1484 1503 1485 1504 1486 1505 1487 1506 1488 1507 1489 1508 1490 1509 1491 1510 1492 1511 1493 1512 1494 1513 1495 1514 1496 1515 1497 1516 1498 1517 1499 1518 1519 1840 1501 1520 1502 1521 1503 1522 1504 1523 1505 1524 1506 1525 1507 1526 1508 1527 1509 1528 1510 1529 1511 1530 1512 1531 1513 1532 1514 1533 1515 1534 1516 1535 1517 1536 1518 1537 1519 1538 1539 1850 1521 1540 1522 1541 1523 1542 1524 1543 1525 1544 1526 1545 1527 1546 1528 1547 1529 1548 1530 1549 1531 1550 1532 1551 1533 1552 1534 1553 1535 1554 1536 1555 1537 1556 1538 1557 1539 1558 1559 1860 1541 1560 1542 1561 1543 1562 1544 1563 1545 1564 1546 1565 1547 1566 1548 1567 1549 1568 1550 1569 1551 1570 1552 1571 1553 1572 1554 1573 1555 1574 1556 1575 1557 1576 1558 1577 1559 1578 1579 1870 1561 1580 1562 1581 1563 1582 1564 1583 1565 1584 1566 1585 1567 1586 1568 1587 1569 1588 1570 1589 1571 1590 1572 1591 1573 1592 1574 1593 1575 1594 1576 1595 1577 1596 1578 1597 1579 1598 1599 1880 1581 1600 1582 1601 1583 1602 1584 1603 1585 1604 1586 1605 1587 1606 1588 1607 1589 1608 1590 1609 1591 1610 1592 1611 1593 1612 1594 1613 1595 1614 1596 1615 1597 1616 1598 1617 1599 1618 1619 1890 1601 1620 1602 1621 1603 1622 1604 1623 1605 1624 1606 1625 1607 1626 1608 1627 1609 1628 1610 1629 1611 1630 1612 1631 1613 1632 1614 1633 1615 1634 1616 1635 1617 1636 1618 1637 1619 1638 1639 1900 1621 1640 1622 1641 1623 1642 1624 1643 1625 1644 1626 1645 1627 1646 1628 1647 1629 1648 1630 1649 1631 1650 1632 1651 1633 1652 1634 1653 1635 1654 1636 1655 1637 1656 1638 1657 1639 1658 1659 1910 1641 1660 1642 1661 1643 1662 1644 1663 1645 1664 1646 1665 1647 1666 1648 1667 1649 1668 1650 1669 1651 1670 1652 1671 1653 1672 1654 1673 1655 1674 1656 1675 1657 1676 1658 1677 1659 1678 1679 1920 1661 1680 1662 1681 1663 1682 1664 1683 1665 1684 1666 1685 1667 1686 1668 1687 1669 1688 1670 1689 1671 1690 1672 1691 1673 1692 1674 1693 1675 1694 1676 1695 1677 1696 1678 1697 1679 1698 1699 1930 1681 1700 1682 1701 1683 1702 1684 1703 1685 1704 1686 1705 1687 1706 1688 1707 1689 1708 1690 1709 1691 1710 1692 1711 1693 1712 1694 1713 1695 1714 1696 1715 1697 1716 1698 1717 1699 1718 1719 1940 1701 1720 1702 1721 1703 1722 1704 1723 1705 1724 1706 1725 1707 1726 1708 1727 1709 1728 1710 1729 1711 1730 1712 1731 1713 1732 1714 1733 1715 1734 1716 1735 1717 1736 1718 1737 1719 1738 1739 1950 1721 1740 1722 1741 1723 1742 1724 1743 1725 1744 1726 1745 1727 1746 1728 1747 1729 1748 1730 1749 1731 1750 1732 1751 1733 1752 1734 1753 1735 1754 1736 1755 1737 1756 1738 1757 1739 1758 1759 1960 1741 1760 1742 1761 1743 1762 1744 1763 1745 1764 1746 1765 1747 1766 1748 1767 1749 1768 1750 1769 1751 1770 1752 1771 1753 1772 1754 1773 1755 1774 1756 1775 1757 1776 1758 1777 1759 1778 1779 1970 1761 1780 1762 1781 1763 1782 1764 1783 1765 1784 1766 1785 1767 1786 1768 1787 1769 1788 1770 1789 1771 1790 1772 1791 1773 1792 1774 1793 1775 1794 1776 1795 1777 1796 1778 1797 1779 1798 1799 1980 1781 1782 1783 1784 1785 1786 1787 1788 1789 1790 1791 1792 1793 1794 1795 1796 1797 1798 1799 1990 1801 1810 1802 1811 1803 1812 1804 1813 1805 1814 1806 1815 1807 1816 1808 1817 1809 1818 1819 1811 1820 1812 1821 1813 1822 1814 1823 1815 1824 1816 1825 1817 1826 1818 1827 1819 1828 1829 1821 1830 1822 1831 1823 1832 1824 1833 1825 1834 1826 1835 1827 1836 1828 1837 1829 1838 1839 1831 1840 1832 1841 1833 1842 1834 1843 1835 1844 1836 1845 1837 1846 1838 1847 1839 1848 1849 1841 1850 1842 1851 1843 1852 1844 1853 1845 1854 1846 1855 1847 1856 1848 1857 1849 1858 1859 1851 1860 1852 1861 1853 1862 1854 1863 1855 1864 1856 1865 1857 1866 1858 1867 1859 1868 1869 1861 1870 1862 1871 1863 1872 1864 1873 1865 1874 1866 1875 1867 1876 1868 1877 1869 1878 1879 1871 1880 1872 1881 1873 1882 1874 1883 1875 1884 1876 1885 1877 1886 1878 1887 1879 1888 1889 1881 1890 1882 1891 1883 1892 1884 1893 1885 1894 1886 1895 1887 1896 1888 1897 1889 1898 1899 1891 1900 1892 1901 1893 1902 1894 1903 1895 1904 1896 1905 1897 1906 1898 1907 1899 1908 1909 1901 1910 1902 1911 1903 1912 1904 1913 1905 1914 1906 1915 1907 1916 1908 1917 1909 1918 1919 1911 1920 1912 1921 1913 1922 1914 1923 1915 1924 1916 1925 1917 1926 1918 1927 1919 1928 1929 1921 1930 1922 1931 1923 1932 1924 1933 1925 1934 1926 1935 1927 1936 1928 1937 1929 1938 1939 1931 1940 1932 1941 1933 1942 1934 1943 1935 1944 1936 1945 1937 1946 1938 1947 1939 1948 1949 1941 1950 1942 1951 1943 1952 1944 1953 1945 1954 1946 1955 1947 1956 1948 1957 1949 1958 1959 1951 1960 1952 1961 1953 1962 1954 1963 1955 1964 1956 1965 1957 1966 1958 1967 1959 1968 1969 1961 1970 1962 1971 1963 1972 1964 1973 1965 1974 1966 1975 1967 1976 1968 1977 1969 1978 1979 1971 1980 1972 1981 1973 1982 1974 1983 1975 1984 1976 1985 1977 1986 1978 1987 1979 1988 1989 1981 1990 1982 1991 1983 1992 1984 1993 1985 1994 1986 1995 1987 1996 1988 1997 1989 1998 1999 1991 1992 1993 1994 1995 1996 1997 1998 1999 );
    lowerAddr       3890 ( 0 0 0 1 1 1 2 2 2 3 3 3 4 4 4 5 5 5 6 6 6 7 7 7 8 8 8 9 9 9 10 10 11 11 12 12 13 13 14 14 15 15 16 16 17 17 18 18 19 19 20 20 21 21 22 22 23 23 24 24 25 25 26 26 27 27 28 28 29 29 30 30 31 31 32 32 33 33 34 34 35 35 36 36 37 37 38 38 39 39 40 40 41 41 42 42 43 43 44 44 45 45 46 46 47 47 48 48 49 49 50 50 51 51 52 52 53 53 54 54 55 55 56 56 57 57 58 58 59 59 60 60 61 61 62 62 63 63 64 64 65 65 66 66 67 67 68 68 69 69 70 70 71 71 72 72 73 73 74 74 75 75 76 76 77 77 78 78 79 79 80 80 81 81 82 82 83 83 84 84 85 85 86 86 87 87 88 88 89 89 90 90 91 91 92 92 93 93 94 94 95 95 96 96 97 97 98 98 99 99 100 100 101 101 102 102 103 103 104 104 105 105 106 106 107 107 108 108 109 109 110 110 111 111 112 112 113 113 114 114 115 115 116 116 117 117 118 118 119 119 120 120 121 121 122 122 123 123 124 124 125 125 126 126 127 127 128 128 129 129 130 130 131 131 132 132 133 133 134 134 135 135 136 136 137 137 138 138 139 139 140 140 141 141 142 142 143 143 144 144 145 145 146 146 147 147 148 148 149 149 150 150 151 151 152 152 153 153 154 154 155 155 156 156 157 157 158 158 159 159 160 160 161 161 162 162 163 163 164 164 165 165 166 166 167 167 168 168 169 169 170 170 171 171 172 172 173 173 174 174 175 175 176 176 177 177 178 178 179 179 180 180 181 181 182 182 183 183 184 184 185 185 186 186 187 187 188 188 189 189 190 191 192 193 194 195 196 197 198 199 200 200 201 201 202 202 203 203 204 204 205 205 206 206 207 207 208 208 209 209 210 210 211 211 212 212 213 213 214 214 215 215 216 216 217 217 218 218 219 220 220 221 221 222 222 223 223 224 224 225 225 226 226 227 227 228 228 229 229 230 230 231 231 232 232 233 233 234 234 235 235 236 236 237 237 238 238 239 240 240 241 241 242 242 243 243 244 244 245 245 246 246 247 247 248 248 249 249 250 250 251 251 252 252 253 253 254 254 255 255 256 256 257 257 258 258 259 260 260 261 261 262 262 263 263 264 264 265 265 266 266 267 267 268 268 269 269 270 270 271 271 272 272 273 273 274 274 275 275 276 276 277 277 278 278 279 280 280 281 281 282 282 283 283 284 284 285 285 286 286 287 287 288 288 289 289 290 290 291 291 292 292 293 293 294 294 295 295 296 296 297 297 298 298 299 300 300 301 301 302 302 303 303 304 304 305 305 306 306 307 307 308 308 309 309 310 310 311 311 312 312 313 313 314 314 315 315 316 316 317 317 318 318 319 320 320 321 321 322 322 323 323 324 324 325 325 326 326 327 327 328 328 329 329 330 330 331 331 332 332 333 333 334 334 335 335 336 336 337 337 338 338 339 340 340 341 341 342 342 343 343 344 344 345 345 346 346 347 347 348 348 349 349 350 350 351 351 352 352 353 353 354 354 355 355 356 356 357 357 358 358 359 360 360 361 361 362 362 363 363 364 364 365 365 366 366 367 367 368 368 369 369 370 370 371 371 372 372 373 373 374 374 375 375 376 376 377 377 378 378 379 380 380 381 381 382 382 383 383 384 384 385 385 386 386 387 387 388 388 389 389 390 390 391 391 392 392 393 393 394 394 395 395 396 396 397 397 398 398 399 400 400 400 401 401 402 402 403 403 404 404 405 405 406 406 407 407 408 408 409 409 410 410 411 411 412 412 413 413 414 414 415 415 416 416 417 417 418 418 419 420 420 420 421 421 422 422 423 423 424 424 425 425 426 426 427 427 428 428 429 429 430 430 431 431 432 432 433 433 434 434 435 435 436 436 437 437 438 438 439 440 440 440 441 441 442 442 443 443 444 444 445 445 446 446 447 447 448 448 449 449 450 450 451 451 452 452 453 453 454 454 455 455 456 456 457 457 458 458 459 460 460 460 461 461 462 462 463 463 464 464 465 465 466 466 467 467 468 468 469 469 470 470 471 471 472 472 473 473 474 474 475 475 476 476 477 477 478 478 479 480 480 480 481 481 482 482 483 483 484 484 485 485 486 486 487 487 488 488 489 489 490 490 491 491 492 492 493 493 494 494 495 495 496 496 497 497 498 498 499 500 500 500 501 501 502 502 503 503 504 504 505 505 506 506 507 507 508 508 509 509 510 510 511 511 512 512 513 513 514 514 515 515 516 516 517 517 518 518 519 520 520 520 521 521 522 522 523 523 524 524 525 525 526 526 527 527 528 528 529 529 530 530 531 531 532 532 533 533 534 534 535 535 536 536 537 537 538 538 539 540 540 540 541 541 542 542 543 543 544 544 545 545 546 546 547 547 548 548 549 549 550 550 551 551 552 552 553 553 554 554 555 555 556 556 557 557 558 558 559 560 560 560 561 561 562 562 563 563 564 564 565 565 566 566 567 567 568 568 569 569 570 570 571 571 572 572 573 573 574 574 575 575 576 576 577 577 578 578 579 580 580 580 581 581 582 582 583 583 584 584 585 585 586 586 587 587 588 588 589 589 590 590 591 591 592 592 593 593 594 594 595 595 596 596 597 597 598 598 599 600 600 600 601 601 602 602 603 603 604 604 605 605 606 606 607 607 608 608 609 609 610 610 611 611 612 612 613 613 614 614 615 615 616 616 617 617 618 618 619 620 620 620 621 621 622 622 623 623 624 624 625 625 626 626 627 627 628 628 629 629 630 630 631 631 632 632 633 633 634 634 635 635 636 636 637 637 638 638 639 640 640 640 641 641 642 642 643 643 644 644 645 645 646 646 647 647 648 648 649 649 650 650 651 651 652 652 653 653 654 654 655 655 656 656 657 657 658 658 659 660 660 660 661 661 662 662 663 663 664 664 665 665 666 666 667 667 668 668 669 669 670 670 671 671 672 672 673 673 674 674 675 675 676 676 677 677 678 678 679 680 680 680 681 681 682 682 683 683 684 684 685 685 686 686 687 687 688 688 689 689 690 690 691 691 692 692 693 693 694 694 695 695 696 696 697 697 698 698 699 700 700 700 701 701 702 702 703 703 704 704 705 705 706 706 707 707 708 708 709 709 710 710 711 711 712 712 713 713 714 714 715 715 716 716 717 717 718 718 719 720 720 720 721 721 722 722 723 723 724 724 725 725 726 726 727 727 728 728 729 729 730 730 731 731 732 732 733 733 734 734 735 735 736 736 737 737 738 738 739 740 740 740 741 741 742 742 743 743 744 744 745 745 746 746 747 747 748 748 749 749 750 750 751 751 752 752 753 753 754 754 755 755 756 756 757 757 758 758 759 760 760 760 761 761 762 762 763 763 764 764 765 765 766 766 767 767 768 768 769 769 770 770 771 771 772 772 773 773 774 774 775 775 776 776 777 777 778 778 779 780 780 781 782 783 784 785 786 787 788 789 790 791 792 793 794 795 796 797 798 800 800 800 801 801 802 802 803 803 804 804 805 805 806 806 807 807 808 808 809 810 810 810 811 811 812 812 813 813 814 814 815 815 816 816 817 817 818 818 819 820 820 820 821 821 822 822 823 823 824 824 825 825 826 826 827 827 828 828 829 830 830 830 831 831 832 832 833 833 834 834 835 835 836 836 837 837 838 838 839 840 840 840 841 841 842 842 843 843 844 844 845 845 846 846 847 847 848 848 849 850 850 850 851 851 852 852 853 853 854 854 855 855 856 856 857 857 858 858 859 860 860 860 861 861 862 862 863 863 864 864 865 865 866 866 867 867 868 868 869 870 870 870 871 871 872 872 873 873 874 874 875 875 876 876 877 877 878 878 879 880 880 880 881 881 882 882 883 883 884 884 885 885 886 886 887 887 888 888 889 890 890 890 891 891 892 892 893 893 894 894 895 895 896 896 897 897 898 898 899 900 900 900 901 901 902 902 903 903 904 904 905 905 906 906 907 907 908 908 909 910 910 910 911 911 912 912 913 913 914 914 915 915 916 916 917 917 918 918 919 920 920 920 921 921 922 922 923 923 924 924 925 925 926 926 927 927 928 928 929 930 930 930 931 931 932 932 933 933 934 934 935 935 936 936 937 937 938 938 939 940 940 940 941 941 942 942 943 943 944 944 945 945 946 946 947 947 948 948 949 950 950 950 951 951 952 952 953 953 954 954 955 955 956 956 957 957 958 958 959 960 960 960 961 961 962 962 963 963 964 964 965 965 966 966 967 967 968 968 969 970 970 970 971 971 972 972 973 973 974 974 975 975 976 976 977 977 978 978 979 980 980 980 981 981 982 982 983 983 984 984 985 985 986 986 987 987 988 988 989 990 990 991 992 993 994 995 996 997 998 1000 1000 1000 1000 1001 1001 1001 1002 1002 1002 1003 1003 1003 1004 1004 1004 1005 1005 1005 1006 1006 1006 1007 1007 1007 1008 1008 1008 1009 1009 1010 1010 1010 1011 1011 1012 1012 1013 1013 1014 1014 1015 1015 1016 1016 1017 1017 1018 1018 1019 1020 1020 1020 1021 1021 1022 1022 1023 1023 1024 1024 1025 1025 1026 1026 1027 1027 1028 1028 1029 1030 1030 1030 1031 1031 1032 1032 1033 1033 1034 1034 1035 1035 1036 1036 1037 1037 1038 1038 1039 1040 1040 1040 1041 1041 1042 1042 1043 1043 1044 1044 1045 1045 1046 1046 1047 1047 1048 1048 1049 1050 1050 1050 1051 1051 1052 1052 1053 1053 1054 1054 1055 1055 1056 1056 1057 1057 1058 1058 1059 1060 1060 1060 1061 1061 1062 1062 1063 1063 1064 1064 1065 1065 1066 1066 1067 1067 1068 1068 1069 1070 1070 1070 1071 1071 1072 1072 1073 1073 1074 1074 1075 1075 1076 1076 1077 1077 1078 1078 1079 1080 1080 1080 1081 1081 1082 1082 1083 1083 1084 1084 1085 1085 1086 1086 1087 1087 1088 1088 1089 1090 1090 1091 1092 1093 1094 1095 1096 1097 1098 1100 1100 1100 1101 1101 1102 1102 1103 1103 1104 1104 1105 1105 1106 1106 1107 1107 1108 1108 1109 1110 1110 1110 1111 1111 1112 1112 1113 1113 1114 1114 1115 1115 1116 1116 1117 1117 1118 1118 1119 1120 1120 1120 1121 1121 1122 1122 1123 1123 1124 1124 1125 1125 1126 1126 1127 1127 1128 1128 1129 1130 1130 1130 1131 1131 1132 1132 1133 1133 1134 1134 1135 1135 1136 1136 1137 1137 1138 1138 1139 1140 1140 1140 1141 1141 1142 1142 1143 1143 1144 1144 1145 1145 1146 1146 1147 1147 1148 1148 1149 1150 1150 1150 1151 1151 1152 1152 1153 1153 1154 1154 1155 1155 1156 1156 1157 1157 1158 1158 1159 1160 1160 1160 1161 1161 1162 1162 1163 1163 1164 1164 1165 1165 1166 1166 1167 1167 1168 1168 1169 1170 1170 1170 1171 1171 1172 1172 1173 1173 1174 1174 1175 1175 1176 1176 1177 1177 1178 1178 1179 1180 1180 1180 1181 1181 1182 1182 1183 1183 1184 1184 1185 1185 1186 1186 1187 1187 1188 1188 1189 1190 1190 1191 1192 1193 1194 1195 1196 1197 1198 1200 1200 1201 1201 1202 1202 1203 1203 1204 1204 1205 1205 1206 1206 1207 1207 1208 1208 1209 1209 1210 1210 1211 1211 1212 1212 1213 1213 1214 1214 1215 1215 1216 1216 1217 1217 1218 1218 1219 1220 1220 1221 1221 1222 1222 1223 1223 1224 1224 1225 1225 1226 1226 1227 1227 1228 1228 1229 1229 1230 1230 1231 1231 1232 1232 1233 1233 1234 1234 1235 1235 1236 1236 1237 1237 1238 1238 1239 1240 1240 1241 1241 1242 1242 1243 1243 1244 1244 1245 1245 1246 1246 1247 1247 1248 1248 1249 1249 1250 1250 1251 1251 1252 1252 1253 1253 1254 1254 1255 1255 1256 1256 1257 1257 1258 1258 1259 1260 1260 1261 1261 1262 1262 1263 1263 1264 1264 1265 1265 1266 1266 1267 1267 1268 1268 1269 1269 1270 1270 1271 1271 1272 1272 1273 1273 1274 1274 1275 1275 1276 1276 1277 1277 1278 1278 1279 1280 1280 1281 1281 1282 1282 1283 1283 1284 1284 1285 1285 1286 1286 1287 1287 1288 1288 1289 1289 1290 1290 1291 1291 1292 1292 1293 1293 1294 1294 1295 1295 1296 1296 1297 1297 1298 1298 1299 1300 1300 1301 1301 1302 1302 1303 1303 1304 1304 1305 1305 1306 1306 1307 1307 1308 1308 1309 1309 1310 1310 1311 1311 1312 1312 1313 1313 1314 1314 1315 1315 1316 1316 1317 1317 1318 1318 1319 1320 1320 1321 1321 1322 1322 1323 1323 1324 1324 1325 1325 1326 1326 1327 1327 1328 1328 1329 1329 1330 1330 1331 1331 1332 1332 1333 1333 1334 1334 1335 1335 1336 1336 1337 1337 1338 1338 1339 1340 1340 1341 1341 1342 1342 1343 1343 1344 1344 1345 1345 1346 1346 1347 1347 1348 1348 1349 1349 1350 1350 1351 1351 1352 1352 1353 1353 1354 1354 1355 1355 1356 1356 1357 1357 1358 1358 1359 1360 1360 1361 1361 1362 1362 1363 1363 1364 1364 1365 1365 1366 1366 1367 1367 1368 1368 1369 1369 1370 1370 1371 1371 1372 1372 1373 1373 1374 1374 1375 1375 1376 1376 1377 1377 1378 1378 1379 1380 1380 1381 1381 1382 1382 1383 1383 1384 1384 1385 1385 1386 1386 1387 1387 1388 1388 1389 1389 1390 1390 1391 1391 1392 1392 1393 1393 1394 1394 1395 1395 1396 1396 1397 1397 1398 1398 1399 1400 1400 1401 1401 1402 1402 1403 1403 1404 1404 1405 1405 1406 1406 1407 1407 1408 1408 1409 1409 1410 1410 1411 1411 1412 1412 1413 1413 1414 1414 1415 1415 1416 1416 1417 1417 1418 1418 1419 1419 1420 1420 1421 1421 1422 1422 1423 1423 1424 1424 1425 1425 1426 1426 1427 1427 1428 1428 1429 1429 1430 1430 1431 1431 1432 1432 1433 1433 1434 1434 1435 1435 1436 1436 1437 1437 1438 1438 1439 1439 1440 1440 1441 1441 1442 1442 1443 1443 1444 1444 1445 1445 1446 1446 1447 1447 1448 1448 1449 1449 1450 1450 1451 1451 1452 1452 1453 1453 1454 1454 1455 1455 1456 1456 1457 1457 1458 1458 1459 1459 1460 1460 1461 1461 1462 1462 1463 1463 1464 1464 1465 1465 1466 1466 1467 1467 1468 1468 1469 1469 1470 1470 1471 1471 1472 1472 1473 1473 1474 1474 1475 1475 1476 1476 1477 1477 1478 1478 1479 1479 1480 1480 1481 1481 1482 1482 1483 1483 1484 1484 1485 1485 1486 1486 1487 1487 1488 1488 1489 1489 1490 1490 1491 1491 1492 1492 1493 1493 1494 1494 1495 1495 1496 1496 1497 1497 1498 1498 1499 1499 1500 1500 1501 1501 1502 1502 1503 1503 1504 1504 1505 1505 1506 1506 1507 1507 1508 1508 1509 1509 1510 1510 1511 1511 1512 1512 1513 1513 1514 1514 1515 1515 1516 1516 1517 1517 1518 1518 1519 1519 1520 1520 1521 1521 1522 1522 1523 1523 1524 1524 1525 1525 1526 1526 1527 1527 1528 1528 1529 1529 1530 1530 1531 1531 1532 1532 1533 1533 1534 1534 1535 1535 1536 1536 1537 1537 1538 1538 1539 1539 1540 1540 1541 1541 1542 1542 1543 1543 1544 1544 1545 1545 1546 1546 1547 1547 1548 1548 1549 1549 1550 1550 1551 1551 1552 1552 1553 1553 1554 1554 1555 1555 1556 1556 1557 1557 1558 1558 1559 1559 1560 1560 1561 1561 1562 1562 1563 1563 1564 1564 1565 1565 1566 1566 1567 1567 1568 1568 1569 1569 1570 1570 1571 1571 1572 1572 1573 1573 1574 1574 1575 1575 1576 1576 1577 1577 1578 1578 1579 1579 1580 1580 1581 1581 1582 1582 1583 1583 1584 1584 1585 1585 1586 1586 1587 1587 1588 1588 1589 1589 1590 1590 1591 1591 1592 1592 1593 1593 1594 1594 1595 1595 1596 1596 1597 1597 1598 1598 1599 1599 1600 1600 1601 1601 1602 1602 1603 1603 1604 1604 1605 1605 1606 1606 1607 1607 1608 1608 1609 1609 1610 1610 1611 1611 1612 1612 1613 1613 1614 1614 1615 1615 1616 1616 1617 1617 1618 1618 1619 1619 1620 1620 1621 1621 1622 1622 1623 1623 1624 1624 1625 1625 1626 1626 1627 1627 1628 1628 1629 1629 1630 1630 1631 1631 1632 1632 1633 1633 1634 1634 1635 1635 1636 1636 1637 1637 1638 1638 1639 1639 1640 1640 1641 1641 1642 1642 1643 1643 1644 1644 1645 1645 1646 1646 1647 1647 1648 1648 1649 1649 1650 1650 1651 1651 1652 1652 1653 1653 1654 1654 1655 1655 1656 1656 1657 1657 1658 1658 1659 1659 1660 1660 1661 1661 1662 1662 1663 1663 1664 1664 1665 1665 1666 1666 1667 1667 1668 1668 1669 1669 1670 1670 1671 1671 1672 1672 1673 1673 1674 1674 1675 1675 1676 1676 1677 1677 1678 1678 1679 1679 1680 1680 1681 1681 1682 1682 1683 1683 1684 1684 1685 1685 1686 1686 1687 1687 1688 1688 1689 1689 1690 1690 1691 1691 1692 1692 1693 1693 1694 1694 1695 1695 1696 1696 1697 1697 1698 1698 1699 1699 1700 1700 1701 1701 1702 1702 1703 1703 1704 1704 1705 1705 1706 1706 1707 1707 1708 1708 1709 1709 1710 1710 1711 1711 1712 1712 1713 1713 1714 1714 1715 1715 1716 1716 1717 1717 1718 1718 1719 1719 1720 1720 1721 1721 1722 1722 1723 1723 1724 1724 1725 1725 1726 1726 1727 1727 1728 1728 1729 1729 1730 1730 1731 1731 1732 1732 1733 1733 1734 1734 1735 1735 1736 1736 1737 1737 1738 1738 1739 1739 1740 1740 1741 1741 1742 1742 1743 1743 1744 1744 1745 1745 1746 1746 1747 1747 1748 1748 1749 1749 1750 1750 1751 1751 1752 1752 1753 1753 1754 1754 1755 1755 1756 1756 1757 1757 1758 1758 1759 1759 1760 1760 1761 1761 1762 1762 1763 1763 1764 1764 1765 1765 1766 1766 1767 1767 1768 1768 1769 1769 1770 1770 1771 1771 1772 1772 1773 1773 1774 1774 1775 1775 1776 1776 1777 1777 1778 1778 1779 1779 1780 1781 1782 1783 1784 1785 1786 1787 1788 1789 1790 1791 1792 1793 1794 1795 1796 1797 1798 1799 1800 1800 1801 1801 1802 1802 1803 1803 1804 1804 1805 1805 1806 1806 1807 1807 1808 1808 1809 1810 1810 1811 1811 1812 1812 1813 1813 1814 1814 1815 1815 1816 1816 1817 1817 1818 1818 1819 1820 1820 1821 1821 1822 1822 1823 1823 1824 1824 1825 1825 1826 1826 1827 1827 1828 1828 1829 1830 1830 1831 1831 1832 1832 1833 1833 1834 1834 1835 1835 1836 1836 1837 1837 1838 1838 1839 1840 1840 1841 1841 1842 1842 1843 1843 1844 1844 1845 1845 1846 1846 1847 1847 1848 1848 1849 1850 1850 1851 1851 1852 1852 1853 1853 1854 1854 1855 1855 1856 1856 1857 1857 1858 1858 1859 1860 1860 1861 1861 1862 1862 1863 1863 1864 1864 1865 1865 1866 1866 1867 1867 1868 1868 1869 1870 1870 1871 1871 1872 1872 1873 1873 1874 1874 1875 1875 1876 1876 1877 1877 1878 1878 1879 1880 1880 1881 1881 1882 1882 1883 1883 1884 1884 1885 1885 1886 1886 1887 1887 1888 1888 1889 1890 1890 1891 1891 1892 1892 1893 1893 1894 1894 1895 1895 1896 1896 1897 1897 1898 1898 1899 1900 1900 1901 1901 1902 1902 1903 1903 1904 1904 1905 1905 1906 1906 1907 1907 1908 1908 1909 1910 1910 1911 1911 1912 1912 1913 1913 1914 1914 1915 1915 1916 1916 1917 1917 1918 1918 1919 1920 1920 1921 1921 1922 1922 1923 1923 1924 1924 1925 1925 1926 1926 1927 1927 1928 1928 1929 1930 1930 1931 1931 1932 1932 1933 1933 1934 1934 1935 1935 1936 1936 1937 1937 1938 1938 1939 1940 1940 1941 1941 1942 1942 1943 1943 1944 1944 1945 1945 1946 1946 1947 1947 1948 1948 1949 1950 1950 1951 1951 1952 1952 1953 1953 1954 1954 1955 1955 1956 1956 1957 1957 1958 1958 1959 1960 1960 1961 1961 1962 1962 1963 1963 1964 1964 1965 1965 1966 1966 1967 1967 1968 1968 1969 1970 1970 1971 1971 1972 1972 1973 1973 1974 1974 1975 1975 1976 1976 1977 1977 1978 1978 1979 1980 1980 1981 1981 1982 1982 1983 1983 1984 1984 1985 1985 1986 1986 1987 1987 1988 1988 1989 1990 1991 1992 1993 1994 1995 1996 1997 1998 );
}

interfaces
{
}


// ************************************************************************* //
